1.1936
0.594238
0.744355
1.06531
1.81847
0.63081
0.261236
1.19958
1.15843
0.183261
0.830984
-0.00520504
0.976126
1.66421
0.330554
0.146707
0.32423
0.340574
-0.0382939
0.817545
0.131427
0.616623
0.524041
0.533482
0.611356
0.195347
0.63448
0.737578
0.381263
0.0648223
-0.041764
0.720859
0.808966
0.335776
-0.742225
0.433875
-1.12714
0.529982
-0.0642581
0.403158
0.745026
-0.175721
-0.135692
0.631606
0.460669
0.193645
-0.412247
-0.601389
-0.807155
0.280174
-0.473467
0.700616
-1.71986
-0.397302
0.135681
-0.83134
-0.927529
-0.59487
-0.350679
-0.617521
-0.0284672
0.222844
-0.56285
0.0509127
-2.10343
-0.871129
-0.190508
-1.99615
-0.774241
-1.13899
-0.687381
-1.73434
-2.15104
-1.02365
-0.603306
-0.77809
-0.951122
-0.634381
-0.192316
-1.07715
-0.791564
-0.899771
-1.34826
-1.38908
-0.149372
-0.44937
-1.32098
-1.11891
-1.14189
-0.506565
-2.54387
-1.31214
-1.98337
-1.44385
-1.28242
-1.09195
-0.517998
-0.285282
-0.932795
-1.26199
-0.894632
-0.761138
-1.62766
-1.48726
-1.97353
-0.709186
-0.328941
-0.339828
-0.82477
-0.642508
-0.907177
-0.446258
-0.654798
-0.813731
-0.453889
-0.84072
-1.02657
-0.85435
-0.379644
-0.371792
-0.740311
0.272183
-1.07982
0.578407
-0.264852
0.148718
0.24008
-0.343692
-0.572904
0.476352
0.805519
0.0734509
0.638447
1.18185
0.644888
0.66648
-0.168779
1.15372
0.0419211
0.667007
-0.470121
-0.217097
-0.193102
-0.248676
1.06204
0.961503
0.185631
0.596861
-0.389571
1.21574
0.758225
-0.376891
1.11821
0.113808
-0.0487282
1.43278
0.522046
-0.220592
1.36616
0.621846
0.952308
0.748269
0.247258
-0.0490197
0.54972
0.752243
0.394693
0.46018
1.54258
0.917806
1.23192
-0.794086
-0.0260603
0.650369
-0.761416
-0.249828
-0.544422
0.128038
0.0406935
0.0332665
-0.750936
0.273089
-0.162702
-0.0422673
-0.359776
0.0825032
-0.0442189
-0.505296
0.398106
-0.521713
-0.168651
-0.766153
-0.682944
0.443102
0.157341
-0.708981
0.391759
0.042172
-1.03358
0.258337
-0.826501
-0.653963
-0.830261
-0.720715
-1.20483
-1.63466
-1.1808
-0.777023
-0.0716955
-0.532318
0.0852311
0.424454
-0.775246
-0.897004
-1.23881
-1.26062
-0.982031
-0.790076
-0.811546
-1.33728
-0.736602
-0.458248
-1.48923
-0.431157
-0.296314
-1.37846
-1.0041
0.0462465
-0.337254
-0.140913
1.14232
-0.328079
-0.269691
-0.338649
-0.458879
0.0472562
0.177551
0.190262
-0.199282
0.241815
0.547154
-0.296792
-0.404228
0.175038
0.157439
1.19461
-0.276159
0.00450917
0.283336
0.0801508
0.895228
0.943892
0.0575269
0.603554
0.529844
0.819917
0.547825
0.336754
0.0472005
0.966835
1.19287
0.301737
0.859783
1.11155
1.08131
1.60108
-0.235925
0.646839
1.19881
1.16797
0.989875
1.49071
0.850802
0.789736
0.465373
1.15705
1.28194
1.37083
0.528579
0.94496
-0.0286112
1.0102
1.11824
0.296751
0.855901
0.0386944
0.0962104
1.07367
1.113
0.638038
1.04851
0.266907
0.537363
1.02421
0.632955
-0.142865
0.233557
1.04191
0.788816
0.862452
0.213714
0.701779
0.527738
0.606601
0.576417
0.837099
-0.31153
0.47917
1.04423
0.418361
0.498807
1.13599
0.142121
0.591302
0.325113
0.18453
0.320537
0.594774
-1.04109
0.214345
0.0369783
-0.335473
0.216393
-0.18148
0.382946
-0.266937
0.0537884
0.615137
0.803945
0.294045
0.75902
0.177288
-0.365676
0.129103
0.0919838
-0.00719962
0.173222
0.448784
0.534808
0.0803743
0.331401
0.99728
0.298284
0.403089
0.409237
0.852087
1.61995
0.985726
0.601272
1.30894
0.0736914
0.184403
0.302147
0.499279
0.352012
0.71729
0.0783979
0.176564
0.422068
0.0952822
0.595983
0.364467
0.951742
-0.0742839
-0.118773
0.248076
0.837751
0.749587
0.823035
-0.0876645
1.08125
0.854014
-0.185825
0.565846
0.741476
0.517155
0.24409
0.88382
0.829836
0.80294
0.687285
0.81766
0.242077
0.408343
0.877752
0.549051
1.36477
0.312235
1.26547
0.759388
0.264646
1.05911
1.25974
0.137628
1.06669
0.494799
0.438742
0.335138
0.184804
-0.302684
0.506724
1.78359
1.35549
0.35423
1.18033
0.684762
0.387697
0.66536
1.36227
0.938552
1.48048
1.4441
1.89383
0.884009
0.857363
0.499551
1.70511
0.766712
1.19657
1.19011
1.07802
1.63306
1.90861
1.86745
1.18729
1.26031
1.44767
0.737207
1.03375
1.11068
1.85875
2.22162
1.51253
1.30184
2.34717
0.965508
1.79938
0.590456
1.41728
0.641607
0.663265
1.28051
1.24405
1.50719
1.02127
1.69244
1.25465
1.24103
2.07211
1.5822
1.79861
1.09533
0.817018
2.01393
1.67933
1.69775
1.23364
0.924555
1.61422
0.957398
1.47923
0.715059
1.20916
1.47077
0.879705
0.508541
1.27284
1.32501
1.94932
1.8816
2.02716
1.88108
1.13129
1.25135
1.71186
1.60195
1.3463
0.923029
1.97516
1.19948
1.48673
0.782029
1.01534
0.889731
0.433142
1.35726
1.52849
-0.234974
0.904203
0.779265
0.74938
0.9655
0.428293
1.26443
1.74174
1.92757
0.801407
0.837834
1.56784
1.445
1.50995
0.473262
2.11626
0.207283
0.899208
0.0837268
1.20556
0.284675
0.670013
1.59613
-0.0883022
1.35946
0.284262
0.4052
1.56414
-0.244222
0.900305
1.19989
0.951149
1.57979
-0.010846
1.42566
1.0084
1.20243
0.70513
0.939227
0.545876
0.2517
0.406038
1.02759
-0.156601
0.613037
0.166457
0.0971853
2.36843
0.376776
1.13874
1.90601
1.1666
1.59015
0.847523
-0.0713551
0.692581
1.29894
0.660998
0.372929
0.977617
1.46385
1.6473
0.302297
0.692782
-0.290537
1.61
1.40349
0.946398
-0.285113
0.981437
0.828648
0.423793
0.768896
1.08124
1.82725
1.19292
0.365388
0.579842
1.39634
1.76655
1.34381
1.396
0.618507
1.13316
1.55273
0.0526173
1.92877
0.154728
1.13635
1.19428
1.97724
1.9682
0.658059
1.54624
2.16527
2.12771
1.96884
1.18085
1.64468
1.24414
1.04374
0.658089
1.08611
0.484046
0.942941
1.17605
1.13075
2.43034
1.27366
2.32923
0.891281
0.962884
1.40769
1.30688
1.30047
1.37653
0.729437
1.18135
1.46838
0.962825
0.885648
0.810393
0.592456
1.13058
0.937982
0.955579
0.119389
1.11306
1.3394
1.40132
1.08722
0.546013
1.0162
1.56934
0.732259
0.821665
0.466523
1.24566
0.0948638
1.31373
0.237063
0.920907
0.495805
0.605071
0.480718
0.889781
0.8092
1.76881
0.509781
0.528665
-0.0639788
0.622767
0.76402
0.293581
-0.107442
0.167985
0.36589
1.04472
0.63682
0.319937
0.728212
0.739383
0.144332
0.417899
0.687254
-0.509878
1.25152
-0.37669
0.3788
0.496755
1.20558
-0.319901
0.252248
-0.412157
-0.338238
0.716702
-0.769304
-0.346514
0.697428
-1.02077
-0.609834
-0.315886
0.0349635
-0.145007
0.174574
0.297266
-1.04611
-0.581335
0.137959
-0.400466
-0.56843
0.123068
-1.21665
-0.0505678
-0.360575
-0.400324
-0.598587
-0.878044
-0.708151
-0.223371
-0.749702
-0.420051
-0.0542718
-0.527961
-0.649822
0.0805007
-0.877138
-0.724143
-0.660868
0.404104
-0.140588
-0.542134
-0.265009
-0.417924
0.230093
0.240755
0.203277
-0.504179
-0.677557
0.098172
-0.617876
0.204314
-0.676107
-1.04323
-0.27599
0.563608
-0.31968
-1.00814
0.389609
0.107219
-0.122074
0.860833
-0.175299
-0.252768
0.388736
0.0727239
0.688349
0.208464
0.61478
0.721357
0.365714
-0.565239
0.66826
0.269281
-0.0613314
0.79813
1.07894
0.836993
0.161174
0.282099
1.21077
0.645025
1.22479
0.808329
1.57122
0.369337
0.721765
0.765162
1.32662
0.789217
0.36277
0.986468
1.01347
0.020185
1.54357
1.24066
1.35362
1.06833
0.966408
0.329149
2.41619
1.78399
0.772859
1.22759
0.765652
-0.349225
0.869933
0.562167
0.643012
0.611213
1.48121
2.29969
1.3144
0.901778
1.19467
0.300364
0.824931
0.331768
0.134526
1.42492
0.593503
0.493252
0.315647
0.499857
0.989548
1.12449
0.286571
0.712844
1.84897
0.379994
1.77662
-0.0295825
1.05678
0.323852
0.131478
1.05262
0.495662
1.89012
0.82786
0.45749
0.781419
1.7521
1.38611
0.292553
0.397215
0.521685
0.775054
1.3087
-0.117147
0.91928
0.458585
1.05529
0.173663
0.559488
0.932905
0.268764
0.361544
0.0727317
1.34825
0.740438
0.209619
0.263644
0.693485
0.0634336
0.43203
1.79778
0.70618
0.544537
1.22384
0.835323
0.516854
1.51038
0.540939
1.33968
1.09225
1.13994
1.13679
1.34439
0.647624
0.624945
0.558482
0.74081
0.922838
-0.325816
1.18681
1.48354
1.06978
0.820982
0.764081
0.804521
1.32114
0.905879
0.771082
1.10319
1.82551
1.03583
0.285529
1.41378
1.18673
1.34533
0.448844
1.68449
0.722067
1.0833
1.21183
1.1386
1.34449
0.94296
2.1552
1.5827
1.1299
0.672329
1.25069
1.1008
1.52827
0.532543
1.06815
0.326496
1.42027
1.2134
1.62173
1.28158
0.70912
0.917884
0.709283
0.184178
0.433502
1.534
0.910457
0.956029
1.35432
1.834
0.942449
1.3621
1.31871
0.469571
1.06418
1.73933
1.22275
1.02847
0.61707
1.88392
0.710965
0.402781
1.51816
1.03812
0.205239
1.53421
0.54605
1.31989
0.952505
0.688227
0.542327
1.51708
1.97465
0.165976
0.671583
0.700496
0.57496
1.65008
0.698256
1.92608
0.473082
0.843913
0.749753
0.697805
-0.282848
2.07858
0.981924
0.54105
0.904083
1.42777
1.66762
1.29531
1.39905
1.15344
0.952023
0.84347
1.86731
1.9525
0.987071
1.99805
1.99544
1.62249
-0.0264175
2.17723
1.7256
1.35882
1.75615
1.11253
2.12712
2.02796
0.897212
0.883387
1.49952
1.89903
1.3386
1.2427
2.69756
1.20255
0.876281
1.39758
1.60276
1.48384
1.82373
1.94338
1.1081
1.52068
0.235434
0.758023
0.300036
2.00824
1.8095
1.11624
1.08555
0.911688
1.05763
1.10557
1.15793
0.943323
1.26989
1.32227
1.03611
-0.27619
0.672092
0.191233
-0.118943
0.490265
1.27978
0.431622
0.349967
0.29838
0.616621
0.776452
1.07273
0.836216
1.26119
1.13215
-0.0364728
0.569412
0.309511
0.406876
0.634192
0.800285
0.121261
0.920416
0.145796
-0.057121
0.0483081
-0.515692
-0.318764
0.280856
0.51293
-0.372299
-0.673236
0.0303214
-0.0916163
0.250175
0.0994894
0.100346
-0.399057
-0.485985
0.311486
0.0275566
1.23812
-0.202775
-0.334887
0.534047
-0.78482
-0.773668
-0.145873
0.177992
-0.536718
-1.61086
-0.739548
-0.685247
-0.266617
-0.234153
-0.82394
-0.241801
-0.453088
-0.498234
-0.257664
-1.20677
-0.599676
-0.659834
0.115212
-0.798077
-1.24155
-0.708961
-0.759323
-1.04734
-0.859143
0.00219363
-1.31934
-0.752694
-0.0802258
-0.275704
-0.72194
0.452094
0.275973
-0.192868
-1.93588
-0.481312
-0.534461
-0.403247
-0.439844
0.298156
-0.158314
-0.998428
-0.236809
0.0906319
-0.0716927
-0.948451
-0.0909329
-0.0216115
0.279731
0.561478
0.424983
-0.121616
0.610981
0.70967
-0.325974
0.913733
0.896365
0.542765
0.620456
0.965006
0.652091
1.28804
-0.289438
0.438594
0.617835
-0.0736731
1.29733
1.08376
1.2718
1.44818
0.394541
1.2164
0.948115
1.752
1.70747
1.07399
1.41968
2.02583
0.63151
0.561549
1.5989
0.789152
0.836816
1.7635
0.95128
0.697043
1.02609
0.485385
1.79847
1.38237
2.16301
0.848563
1.64303
1.65021
1.59422
0.598623
0.361957
0.83083
1.41335
0.257077
0.84907
0.294466
0.330291
0.400602
1.37335
1.37198
1.04918
0.754834
0.766035
0.898737
0.671987
0.255813
0.0812347
0.937328
1.41753
0.893096
-0.811751
0.102976
0.278365
0.265632
-0.0563957
0.278088
0.19481
0.339928
0.319648
0.162902
0.689915
0.784246
0.364671
-0.0216882
-0.460828
-0.335123
-1.20918
-0.0814999
-0.234558
-1.12781
-1.00395
-0.795982
-0.650345
-1.47929
-0.282129
-1.78744
-2.21742
-0.693884
-1.50036
-0.907515
-0.262204
-0.777218
-1.89307
-1.85992
-1.82436
-1.5776
-1.34914
-1.69823
-0.919433
-1.51221
-1.7224
-1.50408
-1.70139
-1.2527
-1.20123
-0.971908
-0.38722
-0.358138
-1.44018
-1.77667
-1.31944
-2.01486
-2.20062
-1.85593
-1.31367
-1.04088
-1.29574
-1.35631
-1.09514
-1.14626
-1.24879
-1.09264
-1.26389
-1.39674
-1.76586
-2.16967
-0.89088
-1.10856
-1.0572
-1.367
-1.36908
-0.324462
-1.16311
-1.71381
-0.78492
-0.246313
-0.527429
-0.322254
-0.399655
-1.20022
-1.07366
-0.568542
-1.33741
-0.884477
-0.227197
-0.450183
-0.52729
-0.720946
-0.632938
0.368345
-0.167336
-0.0169972
-0.122652
-0.750348
0.776255
0.278638
0.859233
0.118912
0.495047
-0.509069
0.32518
0.701918
0.761147
0.112688
-0.198838
0.149376
-0.0678648
0.269019
0.437848
0.544175
0.475157
0.135727
0.544472
0.338689
0.235344
0.983226
0.236252
0.965997
0.596832
0.671188
0.476737
0.777735
-0.311511
0.52215
0.0152638
0.125119
0.270115
-0.0559996
0.862936
0.0713296
-0.0865449
0.0750535
0.493841
0.322008
-0.0712502
-0.152205
0.187805
0.518701
-0.0520141
0.436879
0.00734213
0.178269
0.549167
0.521998
-1.28082
0.229454
0.147419
0.432942
0.225693
-0.794527
-0.43871
0.643844
-0.427569
-0.931248
0.227043
-0.426096
0.833409
0.0804125
-0.0802411
-0.248468
-0.415598
0.214084
0.605145
0.233961
-0.997252
-0.00245613
-0.229851
0.216415
-0.351583
-0.295375
-1.46305
0.893296
0.230468
-0.269238
0.443576
-1.26564
-0.2824
0.157958
-0.27967
-0.864915
-0.712885
-0.295116
-0.665562
0.174408
0.705263
0.511012
0.573629
0.686579
1.11196
1.3888
0.262879
-0.497874
0.235779
0.0257724
1.03048
0.505824
-0.0325654
0.824246
0.767345
-0.232904
0.567569
0.850039
1.98275
0.19482
0.0746194
-0.194907
1.32086
0.697368
0.507564
1.48392
1.10708
0.0749032
1.33706
0.797472
1.44889
1.1152
1.45482
0.502553
1.44327
0.738143
0.919174
2.25454
1.50197
1.56419
1.7488
1.15611
1.60739
1.09648
0.646395
1.20909
1.661
1.48622
1.45829
2.21802
1.18993
1.61558
1.24358
2.24184
1.20527
2.59276
1.55327
1.86274
1.99528
1.50811
2.72907
0.835697
0.751452
1.19622
2.44309
2.10642
1.67664
1.21475
1.53135
1.87518
0.159693
2.10288
1.45586
1.98755
1.70508
1.75649
1.27241
0.765231
1.10699
1.49744
1.18148
1.47106
2.302
1.75011
1.01054
0.903711
0.5357
1.22592
1.09567
1.72873
0.560236
0.37248
1.25251
1.24672
1.33647
0.038502
0.717856
-0.279337
1.15721
0.352318
1.28036
1.89184
0.609302
0.781676
0.0510607
1.12097
0.0346176
0.764997
0.461252
0.978787
1.64221
1.03228
0.409666
0.327574
0.727338
0.496841
1.11936
0.600692
0.310769
0.0937935
0.691068
1.12126
-0.0301209
0.722872
1.06736
-0.210001
0.659997
0.164152
0.793931
0.192839
0.288354
0.731103
0.541456
0.496963
0.468185
1.10871
0.272381
0.61422
0.40981
0.673532
1.21919
0.864146
0.492943
0.769861
-0.0884623
-0.468485
-0.155409
0.529892
-0.0969406
1.15355
0.0583677
0.97401
-0.093813
0.364981
-0.299762
0.274877
1.09084
0.851038
0.372823
1.79419
-0.158269
1.14726
0.476721
0.0515388
0.69572
0.518896
-0.634219
0.40034
0.404197
0.290974
0.735018
0.121438
0.907169
0.157443
-0.0790963
0.287813
-0.227169
-0.118088
-0.281244
-0.21861
-0.244475
-0.605551
0.183929
-0.224958
-0.195422
-0.243962
-0.518752
-0.308041
-1.26407
-0.603128
-0.464876
-1.13118
-0.416565
-1.81695
-1.58094
-0.934515
-1.92826
-1.22929
-1.73852
-0.448379
-1.39026
-0.595909
-0.767583
-1.3939
-1.31996
-1.49366
-0.991736
-1.52351
-1.95863
-1.25296
-1.39716
-1.14182
-2.06053
-1.10031
-0.776127
-1.2527
-1.72838
-0.790436
-1.3287
-1.10316
-1.8001
-0.169856
-1.82919
-0.899802
-1.31163
-1.34466
-1.84625
-1.15624
-0.235209
-1.67635
-1.34021
-0.855252
-1.65388
-0.966882
-1.28074
-0.452693
-1.21488
-1.08385
-1.08408
-0.965836
-0.354842
-1.13562
-1.42051
-0.630708
-0.781595
-0.768695
-1.5005
-0.981159
-0.0391033
-1.12527
-1.37255
-1.33806
0.0694429
-0.392951
-0.870746
-0.098183
-0.974855
-0.790373
-0.690112
-0.523249
-0.601719
-0.44691
-0.949565
-0.570062
-1.01626
-0.84534
-0.790576
-0.972654
0.141789
0.472028
-0.535716
-1.11109
-1.2282
-1.20654
-1.39507
-1.55125
0.0707283
-1.03571
-0.00295053
-1.11487
-0.978338
-0.360124
-0.28136
-0.474156
-0.740434
-0.566981
-0.187772
-0.362271
-1.02134
0.0574342
-0.691826
-0.46028
-1.32067
-1.0122
0.0936427
-0.163875
-1.14953
-0.536786
-0.22281
-0.779775
0.0819986
-1.10726
-0.663198
-0.629426
-0.869451
-1.63112
-1.2279
-1.11056
-0.542231
-1.18388
-0.60947
-0.96414
-0.458
0.216712
0.193001
-1.14903
-0.791512
0.291589
-0.489139
-0.801147
-0.176817
-0.407743
0.645258
0.281122
-0.811382
0.386668
-0.925873
0.21183
0.760788
-0.554409
0.17946
-0.362184
0.37797
0.0910984
0.518965
0.220681
0.162187
-0.143177
0.847786
-0.0482246
1.11846
0.264462
0.215124
0.20619
0.369281
0.551903
0.694747
0.871031
0.877694
0.0367608
0.215981
-0.187236
0.487376
0.250614
0.504097
1.12981
-0.259642
1.14551
0.391848
-0.333695
0.119522
-0.322331
0.542066
0.887827
-0.716793
0.620177
0.712625
0.453779
0.974737
0.182309
0.226164
0.12365
0.410083
-0.445242
-0.308606
-0.721266
-0.218332
-0.402861
0.491362
0.143775
-0.407362
0.156774
-0.85177
-0.439751
-0.125455
0.403494
0.803312
-0.408452
0.281361
-0.125337
0.119236
-0.132353
-0.150955
-0.538785
-0.132668
0.282542
0.214095
-0.550267
-0.262067
-0.163678
0.105942
-0.707741
-0.666999
-0.152587
0.169917
-0.662223
0.0357688
-0.0813768
-0.26793
-0.706337
-0.612719
-0.662474
0.523136
-0.770388
-0.414241
0.209613
-0.493793
-0.892208
-0.936086
0.169377
-0.70759
-0.131775
-0.286562
-0.757488
-0.245041
-0.0513959
0.249162
-0.268437
0.102332
-0.470924
-0.320015
0.149886
-0.0353252
-0.319228
-0.409489
0.233463
0.678548
0.348952
-0.0804788
0.301263
0.0903434
1.1677
1.20809
0.313228
1.22664
-0.159898
0.673643
0.221007
0.0215683
-0.104208
1.17575
-0.634336
0.258671
0.498142
-0.0888753
0.722844
0.451628
-0.0629469
-0.149903
0.84896
0.260499
0.423838
0.780895
-0.103598
0.114052
0.0606731
0.944403
-0.657694
0.33687
-0.432682
0.302068
-0.147883
0.326796
0.638058
0.462137
1.22924
0.369559
1.10487
0.166904
0.914721
0.379366
0.110652
0.253117
0.180654
0.188435
-0.972804
0.136147
0.310981
-0.408755
-0.369265
-0.184295
-0.797374
0.437031
0.0435712
0.0448576
-0.0213756
-0.000484418
0.371652
0.576163
0.0208205
0.576943
-0.0723988
0.0481825
-0.419342
0.871614
-0.210728
-1.18022
-0.118915
-0.284041
-0.254078
-0.746814
0.382499
-0.718957
0.0670371
0.279408
0.163597
-0.348003
-0.724312
-0.614645
0.0843693
0.126138
-0.031219
-0.419737
0.148995
0.292138
0.125028
-1.44657
-0.0331283
-0.557157
-0.412043
-0.815778
0.337539
-0.735437
-0.0232965
-0.0407855
-0.912402
-0.784772
-0.525051
-0.34531
0.254883
-0.753251
-0.544944
-0.616396
-1.57228
-1.25205
-0.422167
0.433765
0.275383
-1.20238
-0.419569
-1.07921
-1.57065
-1.28109
-1.79669
-0.64852
-1.60585
-0.850483
-1.8016
-1.76128
-2.29359
-0.579243
-1.19127
-1.51351
-1.07635
-0.971932
-1.84964
-0.75167
-1.46371
-1.39229
-0.603588
-1.52969
-1.54067
-2.60083
-1.47364
-1.45376
-1.26725
-3.21783
-1.91738
-1.6603
-1.31793
-1.88246
-1.64686
-2.3126
-1.65159
-1.426
-1.09881
-1.85706
-2.06578
-2.04929
-2.79327
-2.0901
-1.53318
-1.98397
-3.22626
-2.65154
-1.54829
-2.15764
-2.08892
-2.73414
-1.64191
-1.84395
-3.0236
-2.07939
-2.26354
-1.8516
-1.54749
-2.13657
-3.32921
-1.80501
-2.51602
-2.31611
-2.14008
-1.88448
-2.12091
-2.44806
-2.20948
-2.03864
-1.34446
-1.96982
-2.11596
-2.40124
-1.60011
-2.11674
-2.58798
-2.29992
-2.04299
-2.88157
-2.9813
-2.17603
-2.70345
-2.21338
-2.49963
-2.38472
-1.72627
-2.45125
-2.39936
-2.35757
-2.60585
-2.55679
-2.58072
-1.70181
-3.18583
-3.11223
-2.04896
-3.25751
-2.13903
-1.10877
-1.92759
-2.18554
-1.85238
-2.77806
-2.50908
-2.79236
-1.60008
-2.40216
-1.66033
-2.77144
-3.02508
-2.89606
-2.29722
-2.11822
-1.84539
-2.26374
-2.21333
-2.85182
-3.20408
-1.67372
-2.08025
-3.31064
-1.56775
-2.81689
-2.10454
-2.62127
-1.88805
-2.52805
-2.79151
-3.39656
-2.94937
-2.74623
-3.1051
-1.77854
-2.41312
-2.54589
-2.49343
-2.48641
-2.33341
-2.46144
-2.38655
-2.49585
-2.48654
-1.96525
-2.2152
-2.89506
-2.57657
-1.72889
-2.87788
-2.22951
-2.45866
-2.40008
-2.45109
-2.31928
-2.54047
-1.27573
-2.7958
-2.36007
-2.19722
-1.67959
-1.83777
-1.02181
-1.6023
-1.54128
-1.84471
-2.35928
-1.9275
-2.67405
-0.904791
-0.811309
-1.24329
-1.67491
-2.59139
-1.90557
-2.12498
-1.9621
-2.09681
-2.02402
-1.82124
-1.55621
-1.3929
-0.758115
-0.744786
-1.57427
-1.65323
-1.46687
-2.10135
-1.60314
-0.756511
-1.86022
-1.30815
-1.15715
-2.06558
-0.160205
-1.81594
-0.928736
-0.509726
-0.929968
-1.49417
-0.243614
-0.58474
-0.814021
-0.262973
-0.711411
0.409101
-0.438903
-0.653825
-0.713154
-1.37119
-0.685334
-0.275073
-0.297912
-0.16869
-0.672587
-0.788448
-1.03198
-0.060932
-0.120407
-1.28252
0.0832354
-0.0823677
0.382964
-1.19064
-0.604863
-0.915856
-0.57878
-1.52514
0.255386
-0.172681
0.383264
-0.0341352
-0.619215
-0.823071
-0.312295
0.0434857
-0.627702
-0.274181
0.423398
-0.764261
-0.0240984
-0.305301
-0.885142
-0.371616
-0.7507
-0.0916675
-0.543757
0.0197462
-0.415303
-0.279869
-0.380844
-1.19188
-0.0636495
-0.305953
-1.3771
-0.0947541
-0.812155
-0.789759
-0.529881
-0.0826737
-0.826219
-1.27919
-0.448004
0.151222
0.593264
-0.263002
0.0298207
-1.16897
-0.821187
-0.602883
0.381014
-0.125204
-0.339185
-0.824801
0.448858
0.0874853
-0.524688
-0.465014
-0.916812
-1.22574
-0.114661
-0.547246
-0.591124
-0.371275
-0.916719
-0.100908
-0.419929
-1.30524
-0.509755
-0.569846
-0.42772
0.154689
-0.778775
-0.452298
0.0782353
0.195025
-1.19113
-0.587817
0.285147
-0.425765
0.208026
0.226067
-0.990756
-0.214035
-1.25446
-0.305829
-0.7035
0.31851
-0.0246376
-1.73401
-0.937816
-0.661186
-0.200127
0.0713405
-0.694723
0.232077
-0.888333
-0.436862
-0.361994
-0.170908
-0.515233
-0.226941
-0.554642
-0.83374
-0.000471041
-0.282829
-0.63649
-0.313197
-1.07829
-0.870605
-0.228334
-0.0866444
-1.3585
-1.09336
-1.05747
-0.114401
0.416694
-0.622268
-0.793046
-0.734749
-0.220078
-1.60358
-1.02993
-2.0075
-0.192594
-0.536311
-0.234219
-1.0292
-0.589843
-0.459935
-0.582638
-1.28005
-0.179433
-1.6699
-0.995254
-1.72626
-1.02488
-0.955249
-1.0625
-0.705871
-0.00381842
-1.50166
-1.30042
-1.01643
-0.594044
-0.44624
-1.10641
-0.799351
-0.880812
-0.22919
-1.93089
-1.58775
-1.69789
-1.06851
-1.16123
-1.42557
-0.264052
-0.743271
-1.00265
-1.29805
-1.46678
-0.854914
-1.69629
-0.728306
-1.09518
-1.72026
-1.71063
-0.784766
-1.18427
-1.86821
-1.04532
-1.52119
-1.68916
-1.79683
-0.637093
-0.506311
-1.85678
-1.22179
-0.399478
-0.928017
-0.109914
-1.52074
-1.23911
-1.29333
-1.07081
-0.947391
-0.319485
-0.905815
-1.081
-1.2087
-0.0760505
-0.236772
-1.98595
-0.356609
-0.600292
0.0718148
-1.00846
0.167704
0.809661
0.403426
-0.108806
-0.4182
0.29032
0.209308
0.638217
-0.388767
0.228819
-0.798682
0.492459
-0.581977
-0.214719
-0.375042
-1.38109
1.00422
-0.0610586
0.168927
-0.0853764
0.700334
0.405876
-0.184994
0.133725
0.0919411
-0.0794368
-0.5671
0.599251
0.156042
0.722311
-0.0242854
-1.11551
0.431233
-0.0103087
-0.402464
0.779831
0.437529
1.33289
0.745151
-0.027529
-0.400449
-0.106133
0.0109355
-0.410319
0.689262
0.171622
0.792793
0.0242787
1.59095
1.05886
-0.259893
0.930191
0.404389
0.582271
0.219644
1.27808
1.90527
0.787316
0.177031
0.639119
1.11609
0.38845
1.36755
0.593667
0.153902
0.0687532
1.29804
0.688592
0.576275
-0.109458
0.0703566
0.680089
0.824833
0.41554
-0.082979
0.203957
-0.126401
-0.143834
0.667495
0.513033
0.146689
0.353241
0.911013
0.642584
0.0679325
1.22061
-0.705044
0.209238
1.23322
0.542697
1.16061
0.665454
-0.412122
0.653451
1.31354
0.190501
1.88168
0.783225
0.838887
0.171655
-0.391516
0.872568
0.635464
0.675832
0.0559543
1.00124
0.936987
0.444524
0.420759
0.536642
-0.634119
1.22615
0.694448
0.856891
0.521593
1.29204
1.22301
-0.07625
0.460887
1.46432
0.714845
0.23872
1.14023
0.209751
1.5557
0.653767
0.917228
0.626365
0.586307
-0.0908871
0.904246
0.482142
0.473512
0.298504
0.0351211
0.17177
0.0821279
0.84056
0.587614
1.21879
1.14513
1.21922
0.732847
0.547503
0.0342631
1.10816
0.803615
0.861197
0.179724
0.489124
0.376538
1.02393
0.55799
0.100982
0.168723
0.756426
0.155201
0.777563
1.10888
0.812424
1.44839
0.316542
0.307591
1.18965
0.262444
1.02037
-0.407984
-0.448365
0.996656
0.102557
-0.588424
0.79665
0.453425
-0.275328
0.148575
0.357937
0.955515
-0.126079
-0.130495
0.736613
0.459149
-0.2096
-0.33151
-0.646302
0.0323406
0.262206
0.726971
0.377522
0.591924
0.208799
1.02148
-0.108589
-0.170646
0.503183
0.269375
1.01193
1.03906
0.291318
0.311784
0.346016
0.52842
1.20384
-0.226905
0.451197
0.302405
0.707855
-0.155057
-0.138661
1.38011
0.837968
1.00928
1.1658
1.35726
0.380133
0.245116
0.528289
0.0136809
0.626879
-0.0437795
0.547112
1.25597
-0.0892383
0.47872
0.801539
1.35794
1.34336
0.362946
0.313441
0.219454
0.187215
0.617928
0.583659
0.33347
0.296358
0.409382
1.22779
1.0083
1.08437
0.323423
-0.0650008
1.39947
0.520691
0.458218
0.675853
0.288777
1.1947
0.257202
0.727929
1.29499
0.880645
0.943407
0.372384
0.651601
-0.18262
1.49136
1.27936
0.395308
-0.00391114
1.19049
0.825615
-0.130727
1.49298
1.42693
0.902981
-0.0602832
1.17511
1.46205
1.22302
0.819519
1.6394
1.32343
1.13989
0.278382
1.55828
1.35019
1.34523
0.805622
1.35838
1.09128
0.275122
0.840566
1.47153
1.384
1.41475
0.49158
1.05163
1.18407
1.43618
1.36021
1.46341
1.67112
1.56641
1.24488
2.15843
1.21026
2.1772
1.9344
1.37864
1.32951
2.2574
1.06138
1.65881
1.60169
1.21098
2.28433
1.3526
1.11265
1.28199
1.34485
1.98442
1.48757
1.37766
1.58483
1.17892
0.950208
1.65348
1.25638
1.33713
0.846673
1.09415
1.37539
1.61247
1.48998
0.804413
1.83558
2.35809
1.67258
1.16029
1.18399
0.504337
1.70402
0.942568
1.53429
1.29936
1.53861
0.955547
1.13925
1.42884
1.80982
1.48533
1.25538
1.13033
1.34985
1.90779
1.97938
1.37267
1.45901
1.48247
2.00654
1.60655
2.19195
0.798519
1.50813
1.26004
1.43527
1.41398
1.93362
1.62003
1.2026
1.91259
1.48778
1.78494
1.51255
2.21736
1.76793
1.3546
1.40866
2.09224
1.19585
2.36259
2.26883
1.98144
1.42069
2.0272
0.955941
1.0531
0.898413
1.83079
0.849635
2.29641
1.38532
2.64926
1.71815
2.42932
1.0828
1.10814
1.55248
1.8176
1.51523
1.16133
1.94189
1.92559
2.00857
2.34019
1.64195
1.47684
0.933452
2.03692
1.41273
1.55423
0.783652
1.76724
2.14317
2.08592
1.28785
2.04533
2.25934
1.24909
0.939785
2.38177
1.35852
1.61762
1.8974
0.590925
1.11133
1.11789
1.49279
1.14494
2.72162
1.91942
1.7827
1.22912
1.42311
1.17208
0.938938
2.16178
0.3845
1.43698
1.32871
2.2191
1.13651
2.65926
1.59559
1.96333
1.84447
1.87384
2.92634
1.91581
1.84136
1.57186
0.674935
1.87032
2.18565
1.72463
2.97649
1.69354
1.27116
1.47183
2.01055
1.39895
1.82175
2.1761
1.54579
1.81281
2.34935
1.83596
2.11297
2.04991
1.48619
2.26625
1.76239
0.894324
1.67212
2.52167
2.36335
1.41327
1.94436
2.67433
3.42137
2.24067
1.93209
2.11502
2.61057
1.63486
2.67517
2.4396
2.7984
1.05179
1.63767
2.60695
1.96389
2.09497
3.07935
2.2312
1.24055
0.653533
1.42032
2.76833
2.35213
1.98461
1.5793
2.47435
2.02794
0.876372
0.615094
2.55001
1.84572
1.87105
1.8331
1.24564
1.27183
-0.169888
1.82922
1.85732
1.48074
0.856597
0.72466
0.646488
0.571367
2.05086
1.1455
1.30641
0.445373
1.19628
0.894208
1.0562
0.197897
0.52681
1.71822
0.263346
0.896185
1.39616
1.86067
0.40413
1.3177
0.993693
0.397092
0.300664
0.619116
0.19902
0.336169
-0.214382
0.70433
0.623811
0.325612
0.782376
0.110346
0.349799
0.506835
-0.165462
-0.355065
-0.479471
0.00211047
-0.134527
0.560211
-0.488518
-0.125223
0.392502
-0.636336
-0.787311
-0.537733
0.178732
0.187977
-0.378453
0.407839
-0.724863
0.0822818
-0.292448
0.211847
0.0303545
0.0627838
-0.712735
-0.734133
-0.98074
-0.678555
0.455993
0.268271
0.186769
-0.177417
-0.817089
-0.338917
-0.188967
-0.590024
-0.45198
-1.35994
0.00943002
0.196168
-0.0424176
-0.334421
-0.410008
-0.268452
0.194394
0.141768
0.352737
-0.234839
-0.0544598
-0.870835
-0.267152
-0.0542565
0.333896
-0.170051
0.298071
-0.323039
-1.54508
-0.17864
-0.345831
0.0455636
-0.497389
-1.20484
-0.0617446
0.389303
-0.393119
-0.69447
-0.503679
-0.77075
-0.766303
0.0361016
0.678657
1.00818
-0.639274
0.255842
0.0555462
0.265974
-0.137739
0.139839
0.423795
0.911446
0.389913
-0.251472
0.368905
1.20949
0.253783
-0.316397
0.744428
0.842971
0.557499
0.613962
0.636928
0.872447
1.06947
0.772256
0.706294
0.60817
0.192767
0.630734
0.946158
0.831881
1.10356
1.42744
0.423611
1.27271
1.07059
0.462537
0.0860852
1.9805
1.15689
0.635334
0.978399
0.264445
0.449198
0.619695
0.92668
0.522095
0.841083
1.3498
0.295252
1.12159
-0.223055
1.45733
0.259888
0.399524
0.779013
0.637833
1.11209
0.111637
1.24046
-0.191651
0.871784
0.132964
1.18774
1.29625
0.527397
0.820315
0.200461
1.33631
0.774601
0.901174
1.95923
0.461564
1.31743
1.00546
1.46943
1.30887
1.71983
0.836169
1.32277
1.09916
0.815785
0.566942
1.05501
1.23224
1.08848
1.25954
0.464134
0.492856
1.52832
1.40026
-0.0496953
0.342101
0.573866
0.967715
1.1063
1.7115
0.641126
1.31319
0.492722
0.542785
1.02459
1.83596
0.433091
0.771584
1.8085
1.44775
0.998219
1.08359
1.84655
1.27957
2.99442
1.75909
1.07979
1.89345
0.821537
1.58867
0.310733
1.0414
1.25079
1.23445
1.94186
1.14124
0.971758
1.1957
0.669248
1.23935
1.96004
0.195562
0.972301
0.704051
1.07851
1.28579
0.640438
0.598812
0.832205
0.728882
1.39359
0.758185
0.564483
1.85953
1.0606
0.986444
1.10104
-0.412403
1.18299
0.427834
0.0527948
0.476917
0.76933
-0.0541111
1.0004
-0.157767
0.805733
1.72294
-0.425242
0.372003
0.276567
-0.416081
0.494857
0.431659
0.333223
0.889739
0.16249
0.46887
-0.573185
0.190809
-0.131232
-0.82687
-0.241386
-1.32967
0.0228438
-0.255709
0.1845
-0.74336
-1.22774
-0.569448
-0.928693
-1.08904
-0.430933
-0.745616
-0.703438
-1.51026
-0.106175
-1.9417
-1.34827
-0.361172
-0.601672
-0.269591
-1.15545
-1.19262
-1.10729
-1.1006
-1.04526
-0.939474
-0.75656
-0.900326
-2.13242
-1.9112
-2.12176
-0.628809
-0.489384
-0.804109
-0.859164
-0.571183
-1.64458
-1.60438
-0.219547
-1.26658
-0.837756
-1.55617
-1.40031
-1.58029
-1.12817
-0.230399
-1.48005
-0.534572
-1.00137
-0.853946
-1.28675
-1.09657
-0.759484
-0.953136
-1.0784
-0.630689
-0.380534
-0.652014
-0.203317
-0.299581
-0.911189
-0.489404
-1.04753
-0.149736
0.360747
-0.217092
-1.46541
-0.790549
0.171457
-0.0248201
-0.0847984
-0.669646
-0.753524
0.041454
-0.604792
0.0638944
-0.616229
0.227714
-0.381182
-0.644634
-0.0399528
-0.595634
0.159683
-1.15612
-1.09149
-0.723927
-0.743619
-0.0568336
-0.535407
0.206268
-0.968108
-0.48748
-0.18681
-0.0301719
-0.990172
-0.3222
-0.257784
-0.688397
0.119887
-0.52239
-0.565303
-0.1826
0.174214
-0.965445
0.0102666
-0.168019
-0.379291
-0.851856
-0.444137
-1.18073
-1.14189
-0.978667
-0.289915
-0.79282
-0.343508
-0.0536035
-1.06398
-0.599099
0.405403
-1.43223
-0.477119
-0.586096
-0.606838
-1.13367
-0.727669
-0.338775
-0.0299168
-0.475974
0.200328
-1.23658
-0.233026
-0.886402
-0.312114
-1.37794
-0.473554
-0.669038
-0.958636
-0.827737
-1.3063
-0.340299
-1.17985
-0.392386
-0.744576
-1.22453
-0.515897
-0.0516249
-1.31287
-1.39033
-1.57355
-1.9319
-0.443809
-0.923987
-0.477846
-0.987379
-0.975047
-0.954177
-2.09571
-1.05538
-1.1795
-2.08013
-1.03526
-1.16826
-1.694
-0.893098
-1.24387
-1.28091
-2.13331
-1.18235
-0.759109
-1.08322
-0.701616
-0.317178
-1.6993
-1.33094
-1.19879
-0.525385
-1.27505
-1.79579
-1.26158
-1.51819
-0.993905
-1.85906
-0.829116
-1.44293
-0.0583248
-1.26797
-1.38493
-1.70326
-1.65364
-1.25257
-1.17634
-1.69035
-0.67971
-1.02324
-1.87494
-0.120584
-1.74599
-1.69734
-0.0544688
-0.73752
-0.774871
-0.214252
-0.869936
0.481161
-0.67694
-0.945035
0.759239
-0.241826
-0.317189
0.020067
0.0800812
0.478279
-0.849974
0.0562735
-0.262856
-0.401946
-0.722336
-0.47531
0.380232
0.339353
-0.593097
0.469269
-0.297613
0.312059
0.358263
0.609085
0.512918
0.576342
-0.140168
-0.256482
0.925231
0.424587
0.306478
0.825653
0.311577
0.249702
-0.3398
1.05755
0.199799
0.448341
1.50213
0.62972
0.34627
0.630644
-0.0511591
1.17714
-0.461665
0.779207
0.561158
0.0643056
0.182569
0.79888
1.53081
-0.908269
-0.0201042
0.174157
0.888635
-0.293095
-1.01874
0.516612
0.285289
0.197874
-0.728344
-0.722201
-0.29438
0.0818242
-0.79331
-0.866866
-0.356534
-0.143099
-0.552051
1.11844
-0.388398
-0.572165
-1.48855
-0.477668
-0.181124
-0.829043
-1.13171
-0.7971
-1.11284
-0.0234772
-1.20812
-1.32588
-1.90058
-0.11182
-0.88601
-1.86149
-0.329287
-0.834301
-1.39816
-2.22203
-1.81633
-0.818117
-1.4068
-1.11442
-1.68176
-0.992742
-1.23757
-0.95457
-0.897693
-1.80067
-1.82717
-1.11156
-0.940346
-1.3175
-1.27298
-1.64631
-1.15288
-1.5211
-1.52286
-2.8418
-1.22466
-1.33122
-1.7195
-1.65751
-1.64559
-0.960113
-1.08073
-1.12015
-0.975178
-0.683104
-1.88932
-0.739807
-0.670346
-1.49965
-0.82368
-1.77955
-1.22073
-0.293799
-1.17259
-1.31811
-1.79605
0.303652
-1.42622
-0.54667
-1.22989
-1.37294
-1.01647
-1.0817
-0.0938344
-0.604342
-1.00968
-0.610015
-1.16407
-0.306419
-0.78294
-1.26397
-0.663012
0.638559
-0.31619
-0.228428
-0.0286671
-0.238922
-0.252851
-0.687341
-0.500074
0.0779636
0.258097
-0.385556
-0.576618
-0.321118
-0.968179
-0.199331
-0.00656419
0.199564
0.0657707
-0.279792
0.00804975
-0.349009
0.50133
0.156007
-0.602373
-0.705803
0.277183
0.551719
-1.53939
-1.12577
-0.412411
0.0578937
-0.219365
-0.872713
-0.110139
-1.22162
-0.0203943
-0.409433
-0.568039
-0.439137
-0.480074
-0.423585
-0.046731
0.123896
0.320324
-0.715411
-0.831161
0.427278
0.369667
0.308014
-0.0943145
-1.14185
0.769535
-0.716607
-0.0842087
0.272369
0.0756102
-0.066089
0.158893
0.503794
-0.222374
-0.0473851
0.619943
0.40863
0.40744
0.278556
0.00818058
0.0143425
0.447922
-0.0796921
0.544496
-0.0264169
-0.544811
1.74638
-0.245205
0.54449
0.455058
1.83806
0.708712
0.467224
0.402439
1.27836
0.480059
0.295815
1.00709
0.43268
0.480157
1.30596
1.35472
0.556054
1.02246
1.14042
1.15827
1.01797
0.247208
1.96434
1.08835
1.41613
1.72036
0.490796
1.4499
1.54122
1.22103
0.000260621
1.93137
1.69445
1.46479
1.12406
0.87846
2.15358
1.12183
0.525046
1.08362
1.66023
1.86281
1.61592
2.23621
1.56244
1.19451
0.400911
0.872889
0.258305
2.11624
1.82891
0.309351
2.32433
0.393242
1.24856
0.384
1.74421
1.27049
1.056
1.79023
1.65608
1.65784
2.07673
1.42771
1.43189
1.74625
0.995467
0.94368
1.01016
0.0192745
1.46476
0.674801
0.356781
0.285853
1.5766
0.79093
0.658141
0.0384091
-0.248096
0.778007
0.580356
0.624466
0.650144
0.628217
0.699372
0.983261
0.86604
0.751125
1.31028
0.367309
0.266968
0.407491
-0.0809051
-0.411093
0.80803
1.13387
1.01326
0.865805
-0.680746
0.520539
0.293113
-0.513063
-0.482518
0.418744
0.399544
0.561292
0.168385
0.0551177
1.03574
0.0732752
0.0378217
-0.685913
0.366147
0.107453
0.596545
0.0553586
0.48005
0.0658349
-0.277253
-0.236205
0.0669987
0.192171
-0.275697
1.04399
0.331708
0.592595
0.170773
0.464223
0.845357
0.762102
0.317753
-0.902791
-0.613632
0.253043
0.121181
0.34256
-0.130331
0.262648
0.77425
0.892482
0.828152
0.399169
0.382732
0.338779
0.0596026
0.605361
0.234403
0.665951
0.167279
0.0696656
-0.34804
0.732018
0.871549
1.70608
1.29342
0.278066
0.903235
0.0430978
0.176219
0.0209002
-0.322316
0.698786
1.00279
1.32538
0.808747
0.708877
0.903264
1.09281
1.5383
-0.096487
0.407155
0.368239
0.579423
1.25451
0.842141
0.241619
1.50429
0.803365
0.915355
1.59678
0.954556
0.682753
0.409168
0.75283
1.19925
0.841653
0.635164
1.50864
0.659058
1.30414
1.50281
-0.726797
0.476669
1.15186
0.0150813
1.03252
0.011456
0.790866
1.25089
0.609119
1.37948
0.798514
0.320543
0.838875
1.48458
0.998183
0.444588
-0.0175433
1.60335
0.025362
0.315901
0.159676
0.0668626
0.230164
-0.0590198
-0.200824
-0.359103
0.9098
0.450325
0.203804
0.685626
0.858753
0.377767
0.176153
0.107267
0.881544
0.727419
0.713808
0.403442
0.454519
0.475524
0.808838
0.128961
0.784372
0.219345
0.606883
0.811907
0.930388
0.651236
0.866254
0.202549
0.540029
0.439599
0.568992
0.39348
0.482943
-0.140697
0.706543
0.797818
0.821347
0.593301
1.31319
-0.336067
0.72372
0.0883782
0.440755
0.194961
0.177578
-0.147176
0.419842
-0.181575
0.862605
1.12007
-0.758423
0.660165
-0.315154
0.11547
0.630259
-0.0733601
0.737106
0.282476
1.25797
0.501435
1.47832
0.0775978
0.256712
1.24706
1.65266
0.0465982
0.746997
-0.361796
-0.0837612
1.92258
0.363729
1.37635
0.286193
0.258776
0.772114
0.497522
1.43634
0.638781
0.531102
0.90822
0.0348948
0.852563
0.912958
0.0974526
0.874308
0.0442423
0.16338
0.653786
1.07501
-0.258953
1.02281
0.579203
0.553756
1.50294
-0.393023
-0.542739
0.53429
0.678386
0.445647
-0.588603
0.400159
0.294924
0.0150812
1.15709
0.915791
1.21058
-0.0205005
0.464431
0.365393
0.103808
1.11745
-0.283224
-0.352686
-0.312529
-0.859548
0.110162
0.398903
-0.147146
-0.655151
1.03039
-0.215062
0.513151
0.730479
-0.0503963
-0.720907
-0.515211
0.328823
-0.326079
-0.764366
-0.877093
0.190839
-0.801384
-0.594945
-0.710112
-1.2629
-0.367963
-0.0446137
-0.990845
-0.999939
0.0209523
0.0771071
-1.05551
-0.721046
-0.591654
0.149286
0.0746113
-1.26583
-0.260116
0.185154
0.118294
0.265884
-0.386013
-0.0993623
-0.843167
-0.016527
0.332349
-0.2565
-0.216652
-0.531915
0.315881
-0.126269
0.581829
-1.01528
-0.654179
0.145952
0.100067
0.2461
0.185787
0.127751
-0.803941
-0.138929
0.231571
-0.535051
-0.146648
-0.458993
-0.509226
-0.388166
-0.0877109
0.132851
-0.0996746
-0.0923672
-0.131353
0.582213
0.0283831
0.407717
-0.514075
0.476228
0.358395
-0.210276
0.069935
0.323462
-0.362351
0.740224
-0.545445
-0.046709
-0.516662
0.226434
0.537453
0.759804
0.0987685
0.316764
0.588772
0.955101
0.0270714
0.538532
0.0143884
0.279858
0.43588
0.0606036
1.30033
-0.0767506
0.633316
0.317257
-0.0412075
0.358995
0.287156
0.512541
-0.0754091
-0.434194
-0.570588
-0.650874
0.294645
0.819312
0.30506
-0.658432
0.135396
-0.378655
-0.105499
0.995346
-0.156912
-0.605514
0.294967
0.467045
0.405559
0.097575
0.696258
0.284123
0.103229
0.0997274
0.737954
-0.243254
0.971512
0.650368
-0.0420635
1.10083
0.278447
-0.253955
0.673952
0.896474
0.851292
0.280811
0.673408
1.03737
0.680698
0.521953
0.381561
-0.257295
0.795457
0.77221
1.16546
0.587894
0.669375
0.67122
-0.304949
0.37893
0.671947
0.633373
0.701615
0.673615
0.133235
0.690528
1.77818
1.18671
0.76678
1.05025
1.44914
1.65094
0.958786
1.09902
1.89793
0.469126
0.337418
0.950114
1.08431
1.002
0.880178
0.87965
0.454103
0.233427
1.22572
0.979221
0.546278
0.115177
0.043224
0.468192
0.813368
0.75403
1.49659
1.14579
0.446497
1.13737
0.743872
-0.0689632
0.532611
0.720088
0.45338
0.74748
0.743696
0.969376
-0.0257047
0.533483
1.49087
0.683678
1.05683
0.337468
0.723518
0.470068
0.77314
0.163798
0.477125
0.038155
0.4007
0.0893837
1.00834
0.039103
0.672657
0.708392
0.0932571
1.04778
-0.307842
0.68735
-0.483296
0.59013
0.65731
-0.135765
0.529724
0.101006
0.1371
0.752852
0.893466
1.01198
0.635177
0.830659
0.37055
-0.136878
0.106635
0.407712
0.059207
0.520834
0.704291
0.168942
0.137972
-0.102223
-0.29953
0.892553
0.326611
0.366702
-0.119943
-0.180703
-0.0910102
-0.413837
0.67281
-0.151382
0.748479
0.294887
0.248816
0.521553
-0.785714
-0.250719
1.67135
1.08727
0.768435
-0.566117
1.11063
-0.217762
0.366278
0.892862
0.470265
0.535133
0.343582
-0.149691
0.110243
1.43569
-0.0504546
0.666271
0.167218
0.669061
0.565205
0.0354389
0.912635
0.578918
0.511827
0.00885837
0.370376
0.444775
0.297597
1.0363
0.63804
0.165392
1.40846
0.243303
0.26532
1.34124
0.26978
-0.0410257
0.52098
1.13325
0.560688
0.0937515
0.694837
0.883708
0.0524549
-0.641512
0.0801835
0.265806
-0.0580397
0.968552
0.135909
0.623099
0.452068
0.791071
0.84049
0.328268
0.361176
-0.253686
0.284133
0.0972413
0.328061
0.339341
-0.0938504
-0.353023
-0.780575
0.865029
-0.258085
0.352679
0.709318
0.458791
0.326691
-0.105973
0.366823
0.0778228
-0.12893
0.0662655
-1.44026
-0.137179
-0.0730336
-0.104664
0.343948
0.0659941
-0.320746
0.364536
-0.573773
0.546652
0.0154942
0.0579868
-1.09988
0.251087
1.07832
1.14173
0.154212
0.355206
1.06937
-0.806627
0.127312
-0.366815
0.108251
-0.0118658
-0.568278
-0.878548
-0.114946
-0.484434
-0.318872
-0.422904
-0.369345
-0.128853
-0.389387
0.30472
-0.285866
-0.574349
0.454439
0.131579
0.101897
0.467282
-0.226265
-0.115585
-0.251128
-0.844007
-0.305646
0.845203
-0.5931
-0.98274
-0.414262
0.0616523
-0.174868
-0.454959
-0.682009
-0.187654
-0.257056
-0.577566
-0.891181
0.376152
1.22469
0.476201
-0.120959
-0.762875
-0.373902
-0.590691
-0.0506458
-0.148085
-0.618757
-0.191703
0.0128953
-0.738605
-1.28105
-0.766064
-0.100898
-0.0500566
-0.17092
-0.862159
-0.227014
-0.117979
-1.3353
-0.399509
-0.405404
-0.689232
-1.22732
-0.646107
-0.803341
-0.771832
-0.269748
-0.401048
-1.24201
-0.693485
-0.0209228
-0.299191
-0.609501
-0.545011
-0.201091
-0.791128
-1.0296
-0.750739
-0.106194
-0.813634
-0.909005
-1.30537
-0.960755
0.231112
-0.678754
-1.04738
-1.56017
-0.857031
-1.48578
-0.727975
-0.630076
-0.16385
-0.69928
-0.0224767
-0.895939
-1.00215
-1.1183
-0.962283
-0.914021
-0.428043
-1.60319
-0.759725
-1.37058
-1.4092
0.577788
-0.955787
-0.765649
-1.66898
-1.04367
-0.587454
-0.839121
-0.378177
-1.53659
-1.026
-0.340912
-0.764816
-1.30497
-0.568208
-1.09232
-2.22201
-0.701196
-1.27584
-1.17511
-1.26233
-1.46068
-1.14807
-1.18608
-1.33735
-0.885734
-0.925764
-0.949363
-1.01731
-2.09883
-1.9076
-1.59758
-1.31887
-1.61707
-1.62114
-1.07191
-1.74399
-1.28198
-1.8258
-1.55866
-0.413875
-2.12235
-1.52257
-1.7919
-1.43934
-1.71805
-2.29171
-1.0119
-1.29094
-1.71496
-1.30246
-1.45769
-1.85854
-1.39663
-0.749859
-1.20764
-1.05523
-1.9209
-1.03269
-0.770254
-1.60799
-1.38078
-0.534845
-1.6406
-1.79124
-1.40215
-1.54934
-1.92036
-0.744342
-1.07502
-1.23852
-0.71077
-0.742874
-0.849011
-0.331083
-0.559188
-1.1922
-0.806977
-1.1395
-0.454806
-0.460067
-0.251771
-1.2314
0.738712
0.152542
-0.327463
-0.818026
0.925379
-0.0767179
-0.94804
-0.455109
0.391858
-0.683404
-0.775529
0.332839
0.354645
0.392015
-0.127287
0.230776
-0.526245
-0.661632
0.466225
0.354808
0.228383
0.676546
0.486498
-0.226634
-0.127426
-0.237669
-0.24017
-0.524824
-0.00513017
-0.820088
0.0497735
-0.575348
-0.710495
-0.4042
-0.0227282
-0.904114
-0.943891
-0.390339
0.657709
-0.95825
-0.64284
-0.103114
-0.564152
-1.52433
-1.11123
-1.1304
-0.930024
-1.69576
-0.130636
-1.66292
-1.01039
-1.15936
-1.97024
-2.02214
-1.90145
-1.67793
-1.37662
-1.30729
-2.24651
-2.13669
-1.85989
-1.20539
-3.09161
-0.97216
-2.00762
-1.57862
-2.03718
-1.74696
-3.02997
-2.24497
-3.41202
-3.05675
-2.81817
-2.54768
-2.25092
-1.89961
-2.53376
-2.51476
-2.83071
-2.69593
-4.00626
-2.98167
-3.34544
-3.55213
-3.55313
-3.69946
-3.85574
-3.28435
-2.53456
-3.7596
-3.25044
-2.7195
-2.7578
-3.19498
-2.86311
-2.59915
-2.94149
-3.93986
-2.33304
-3.1783
-3.03504
-4.00278
-2.67079
-2.88858
-2.25325
-2.57498
-2.04756
-3.38869
-2.17556
-2.13443
-2.02235
-2.32393
-1.69102
-2.51002
-1.94478
-2.91804
-2.1672
-1.94425
-2.49443
-1.81186
-1.96699
-1.66265
-1.94043
-1.64948
-1.96022
-1.59076
-1.32103
-2.34191
-1.42055
-1.3417
-1.1666
-1.40842
-1.75159
-1.59752
-1.58622
-1.46267
-1.68965
-0.615383
-0.709016
-0.955602
-0.0889063
-1.44157
-1.28491
-0.234569
-0.010299
-0.814756
-0.882368
-0.761424
-0.975004
-0.98529
-0.247576
-0.143082
-0.655952
-0.76304
0.229162
-0.028069
-0.295108
-0.00561593
-0.139755
-0.557031
0.875047
0.0231612
-0.888152
-0.189803
-0.373114
0.0428144
-1.1637
0.0346597
-0.516522
0.781462
0.326431
-0.569455
0.633675
0.808381
-0.32664
0.0427058
0.0864122
0.0625896
-0.798833
0.398865
0.679761
0.846642
0.661526
-0.397262
0.0357182
0.437025
0.045454
-0.0581567
-0.3818
1.72221
0.433223
0.745378
0.228703
0.515548
0.363019
0.529204
0.564112
-0.180273
0.466559
0.40006
1.1757
0.39934
-0.210568
0.0249441
-0.438901
-0.00300926
0.445135
-0.179663
-0.0513975
1.13758
-0.301548
-0.477437
0.455275
0.18708
0.310791
-0.910434
0.511603
0.010608
1.04409
-0.595811
-0.352484
-0.774526
-0.115216
-0.56307
-1.10452
-0.417821
0.0229751
0.45584
-0.837428
-0.203151
-0.527104
0.762357
-0.19627
-0.518959
-0.111294
-0.700065
-0.0277856
-0.469882
-0.518014
-0.548979
-0.384065
-0.0846149
-1.35965
-0.841468
-0.584314
-0.901812
-0.851926
-0.813711
-0.822251
-0.384986
-1.44107
-0.129891
-0.54577
-1.11934
-0.892564
-0.983206
-0.471726
0.130845
0.178279
0.00611587
-0.201549
-0.860361
-0.55205
0.457384
0.282886
-0.00992212
-0.455558
-0.373327
-0.210637
0.128431
0.286973
-0.264347
0.27175
-0.598719
-0.0703304
1.16675
0.430494
0.31024
0.199509
0.561252
0.032057
0.360845
0.799306
0.879158
0.901641
0.735432
0.391351
0.602304
1.46079
1.20145
0.679957
0.575491
0.776214
0.137265
0.63215
0.228232
1.28214
0.582624
-0.155788
0.836822
0.319269
0.126317
1.5033
1.33161
2.01144
1.37048
1.05391
1.72721
0.847163
0.985017
1.78027
0.118415
0.916
1.21022
0.830652
1.03049
1.36089
1.10545
-0.141658
0.382116
0.716181
0.8554
1.13671
0.276378
0.75144
-0.107328
0.187258
0.519587
-0.353702
1.16984
0.372357
-0.867995
0.54856
-0.187871
0.925437
0.151772
0.554131
0.381805
-0.0812223
0.750101
0.429654
0.987132
0.438863
0.387663
-0.66735
0.148807
-1.04101
-0.824991
-0.361674
0.722393
-0.603829
-1.02622
-0.123047
0.262813
-0.702022
-0.984487
-0.648477
-0.594884
-1.29247
-0.318531
-0.223596
-0.124206
-0.951287
-0.136249
-0.505122
-0.134283
-0.98372
-1.185
-1.37543
-0.597438
-0.186548
-0.483177
-0.28603
-0.0938752
-0.287368
-0.207309
-0.193686
-0.760771
-0.658109
0.559343
-0.731587
-0.626954
-1.97268
0.0486037
-0.520989
0.0294982
-1.23822
-1.0166
-0.500956
0.183103
-0.725465
-1.37526
-1.12929
-0.994355
-1.12159
-0.605499
-0.854945
-0.471879
-1.4837
0.0227692
-0.466087
-0.716451
-0.460579
-0.847974
-2.16144
-1.02386
-0.383378
-0.998744
-0.89628
-2.01745
-0.958861
-0.909364
-1.71983
-0.895877
-0.64698
-1.13029
-0.480456
-2.29251
-1.17522
-0.0594158
-1.80331
-1.40859
-0.620261
-0.331018
-1.16167
-0.564145
-1.28118
-1.07883
-0.699686
-0.43724
-0.569593
-0.634352
-0.404271
-0.176273
-0.976512
-1.26627
-0.369769
-0.858092
-0.905789
-0.706805
-0.297707
-0.779195
-1.01219
-0.695625
-0.415587
-0.0927015
0.0146852
-1.01425
-0.36574
-1.60081
-0.633895
-1.05389
0.176377
-0.402817
-1.06818
-1.00407
0.0751934
-0.424757
-0.798142
-0.612894
-1.21639
-0.692733
-0.882256
-0.861784
-0.676832
-0.487728
-0.868474
-0.772016
0.182751
-1.08911
-1.17115
-0.371499
-0.535469
-0.906245
-0.0767096
-0.974107
-0.391052
-0.637172
-0.270497
-0.0341166
-0.505865
-0.662132
0.0575738
0.236599
-0.951534
-0.056872
0.589508
0.361013
-1.48328
0.794191
0.0501927
-0.538469
-0.438124
-0.97437
-0.329474
-0.483653
0.180689
-0.000911392
0.033632
-0.861
0.290883
0.26581
-0.577659
0.207644
0.665534
0.296655
0.393767
-0.161205
1.33983
-0.951059
-0.914793
-0.575416
0.441744
0.310844
-0.813992
0.365057
-0.454068
-0.119975
0.616112
0.121262
0.364471
0.597183
-1.18796
-0.171543
-0.161837
0.805905
0.688825
-0.441315
-0.648146
-0.0577303
-0.536077
-0.010084
0.393078
0.00482326
0.763415
0.137075
0.0306476
-0.199524
0.074092
-0.134766
-0.316063
-0.0702064
-0.921112
0.103863
0.501896
-0.0253452
-0.223892
0.0682373
-0.187603
-0.368261
-0.219918
0.798536
0.546057
-0.164534
-0.0483276
-0.254255
-1.21692
-0.337816
-0.598011
0.122023
-1.058
-0.0111428
-0.553629
0.64334
-0.503298
1.03567
0.324021
-0.933052
-0.128822
-0.612247
-0.0806794
-0.318718
-1.31595
-0.590583
0.472703
-0.453191
-0.0424306
1.20986
-0.975926
-0.639596
-0.0251788
-0.121024
-0.257279
-0.13044
-0.603192
-0.19621
-0.0673949
-1.14745
0.934678
0.396255
0.651559
0.0281953
0.603826
0.393932
-1.18756
0.213756
1.01162
-0.271301
0.515129
0.0887591
1.08951
0.201126
0.030315
0.479485
0.840654
0.318348
0.842093
0.808335
0.58775
0.482529
0.672175
0.686645
0.753559
0.498923
1.65515
1.07303
0.247155
0.969904
1.49368
1.36144
0.611204
1.46831
0.667524
2.33038
2.27984
0.754163
0.852232
1.2976
1.23338
1.02241
1.47543
1.65761
0.683037
0.596481
1.82846
1.68798
1.47374
1.49476
1.63156
1.74448
0.962561
1.7542
0.917763
1.18504
1.9009
1.69952
2.61041
1.61467
1.09438
1.05008
1.09938
0.715981
1.63625
1.12135
1.67495
2.106
1.73205
0.540689
1.0196
1.51839
1.28528
1.0897
1.40696
1.59251
1.10931
0.448162
0.141986
0.96944
0.959841
1.02508
0.776366
0.759238
1.96074
0.800046
0.946232
0.759327
0.44732
0.933228
0.521824
0.921631
0.642224
0.937996
0.77685
1.46954
1.05218
0.636184
0.737185
1.50594
1.21753
1.01521
0.815217
1.32949
0.76374
0.45259
1.02123
0.629415
0.263923
0.686392
1.30285
1.04684
0.245134
0.579092
0.843308
0.982381
1.25154
1.20468
1.01523
1.19505
0.956184
1.12979
0.916881
1.584
1.42881
0.515383
0.995205
0.912664
1.18723
0.581158
-0.181825
-0.0131404
2.10249
0.626597
1.85227
0.138261
1.43052
0.306306
0.530283
1.30738
0.511997
0.975735
0.771157
-0.387797
1.39753
0.501007
1.17414
1.57815
1.41802
0.990171
1.61129
1.3413
0.616937
2.03542
1.10676
0.524001
0.999076
1.00591
0.901103
0.714256
0.810042
1.7085
0.909903
0.612911
0.624392
0.697475
-0.172897
0.854035
1.40566
0.71286
0.759298
0.258713
1.07752
-0.0876628
0.959304
0.798021
0.161382
1.91674
0.758752
0.134918
0.59201
1.34406
0.684491
1.36265
0.540959
1.57286
-0.261008
0.712602
0.0872558
0.666249
0.752183
0.243162
0.75467
0.349229
0.331856
0.853899
0.257355
0.402008
-0.109985
0.0890929
-0.169372
0.202371
0.445549
0.22854
0.19317
0.200742
-0.490175
1.08044
0.217166
0.30398
-0.154534
-0.457477
0.343803
-0.22058
-0.565573
-0.195885
-0.557571
0.0284239
-0.46259
-0.439164
-0.266439
-1.24366
-0.676449
-0.211039
-1.00782
-1.22504
-0.538643
-0.936375
-0.97173
-1.98664
-1.38811
-1.90517
-0.706419
-1.11173
-0.830403
-1.76763
-0.705979
-0.90842
-0.789605
-2.14506
-0.931095
-0.605147
-1.1435
-1.35305
-2.18179
-0.91497
-1.36187
-0.418332
-2.13686
-2.02923
-1.69087
-1.61051
-1.47711
-1.53399
-1.36161
-1.90162
-1.83626
-1.26352
-1.33734
-1.55689
-1.78207
-1.68471
-0.91985
-1.74205
-1.37376
-2.41289
-1.03245
-2.62749
-2.51658
-0.48
-1.15265
-0.730909
-0.906368
-0.879092
-0.793251
-1.08045
-1.4179
-0.88908
-1.03573
-1.1057
-1.5257
-1.35598
0.0275567
-1.8181
-1.60134
-0.549364
-1.48288
-0.659571
-0.2681
-0.733503
-0.510303
-0.704308
-0.434967
-1.17975
-0.670867
-0.804268
-0.334201
-0.211629
-0.815337
0.363754
-0.182537
-0.396425
0.506545
0.379773
0.213485
0.016793
-0.113112
-0.0126543
-0.493547
-0.11344
0.648918
-0.950931
-0.888488
-0.564372
0.564106
1.02833
-0.270054
-0.188216
-0.100922
-0.338968
0.652192
0.796399
0.796083
-0.42743
0.063965
-0.0901599
1.1531
0.643678
-0.00361073
-0.194023
-0.0321922
0.856261
0.836108
0.704969
0.876852
0.408729
0.793234
0.873311
1.21584
0.31368
0.475796
0.332076
-0.0680946
0.590942
1.04901
0.401595
0.835286
0.306085
0.386264
0.673134
0.0436113
1.27784
1.36153
1.29109
1.47384
0.218128
-0.0430124
0.785189
0.0239477
0.801271
1.22803
1.27936
0.915595
0.993504
1.39627
0.336353
0.62817
0.564292
0.613213
1.13598
0.939141
1.18008
1.4809
1.06498
0.457203
1.26967
1.12165
1.44282
1.3407
0.689926
1.57759
0.650013
1.0108
0.518312
1.85721
1.46504
1.51534
0.151508
1.4879
1.79589
1.65868
0.571214
0.230468
1.46349
1.19847
1.50096
0.589592
0.00107238
0.278415
0.35638
0.455879
0.166774
0.951928
1.08366
1.57945
1.19174
1.43163
0.270369
1.20335
1.07227
0.763529
0.876643
1.60326
1.4419
0.876681
1.61881
1.21949
1.68158
0.995768
0.361786
1.55507
0.698973
0.887392
0.86167
0.465516
1.01333
1.15991
1.18764
1.35521
1.06433
1.61581
1.99706
0.881518
1.22175
0.899427
1.32742
1.09536
1.42464
1.10067
1.13627
0.210023
1.71035
0.801146
1.88361
1.66307
1.17504
1.44678
1.33544
1.02954
2.28512
0.792125
1.71204
0.971992
1.79982
1.59415
1.13945
1.44782
2.6786
2.16483
1.29056
1.4064
1.91317
2.2377
1.44822
2.05894
1.53996
2.04653
1.8098
1.73738
1.28653
1.03684
1.87015
2.08417
0.349279
1.47494
1.40685
2.41588
1.3992
2.07664
1.83737
1.72988
2.25529
1.57997
1.82578
2.7262
2.02953
2.01019
2.48994
2.25525
1.20411
1.18922
2.0338
0.882565
1.8047
2.19713
1.65848
2.68162
1.90288
1.35686
1.14231
1.48585
1.43277
1.71923
1.13871
2.0131
2.0503
1.39943
1.54933
1.33941
1.68095
0.914752
1.23202
1.4881
1.28718
0.141005
0.292627
1.07269
1.37481
1.25895
1.4004
0.65695
1.05246
0.705263
1.96154
1.12419
1.13171
0.924777
1.25517
0.597347
0.558342
0.397861
0.34718
0.412293
0.797666
0.413104
1.60943
0.423132
0.893234
0.918161
0.28333
1.04348
0.133488
-0.0725861
0.545262
0.653786
0.158479
-0.439103
0.556983
0.0531387
0.428624
0.0764252
0.939315
0.996522
0.979481
1.20336
1.08439
1.26166
0.894191
1.10044
0.392524
0.754933
0.922673
0.655751
0.595959
1.77533
1.45468
1.34836
1.90627
1.44266
1.92019
0.641465
1.2135
1.42313
1.84558
0.0679923
1.43848
0.971045
1.72078
1.03271
1.1656
1.22426
1.41472
1.16525
1.60298
2.3748
1.62162
1.90865
0.905971
1.38399
2.49765
1.68237
1.93411
0.596518
1.8524
1.78093
1.55043
0.81903
2.80026
2.06116
2.23204
1.88929
2.56006
2.32991
2.79523
1.5065
0.885337
2.03483
2.0652
1.43908
1.2469
1.31948
0.809521
1.87683
0.802578
1.5113
2.19051
1.38442
1.54966
1.42833
2.52429
1.50255
2.38762
1.99049
1.05825
1.20508
1.97201
1.25835
1.6365
1.0548
1.6101
1.95877
1.19324
2.07575
1.42598
0.665714
1.73547
1.77723
1.28982
1.53579
1.54388
1.95742
1.5558
2.5915
0.685907
1.37066
0.931746
0.79558
1.58989
1.75982
1.44209
0.928945
1.85955
1.3466
1.00991
1.04896
1.58004
1.29436
1.43088
0.807641
1.15082
0.846486
1.49667
1.03269
1.30843
1.85036
2.1581
1.94543
2.0361
1.29496
1.09362
1.10252
1.75376
0.985775
1.58157
1.80443
1.87442
1.35222
1.89832
1.64649
0.35883
1.22912
1.1098
1.37952
1.57082
1.21731
1.45699
1.34498
1.67528
1.22771
0.837273
0.850922
0.977149
2.22604
1.16783
2.42623
2.27662
1.27308
1.85032
1.13966
1.51804
1.57931
1.05411
1.13907
1.23772
1.49355
1.13557
0.858316
0.74005
1.26335
1.25527
1.24563
2.11937
1.48705
1.29566
1.12791
2.00922
1.77268
0.612848
1.56481
1.50896
0.010981
1.78315
1.36075
0.533098
1.17794
1.5392
1.40722
1.53562
0.84541
1.1387
2.16404
0.887685
1.27281
0.783617
0.401887
0.32236
1.0154
1.97933
1.25109
1.15316
1.36301
0.966351
1.09848
0.649245
0.636216
0.793322
-0.102084
1.18274
-0.117095
0.843255
0.611597
1.38782
0.368237
0.855264
-0.0271658
0.682648
0.419831
0.740038
0.907724
0.367609
0.798928
1.03253
0.101025
1.15053
0.844672
0.837916
0.0844249
-0.0951943
1.27139
0.351668
-0.350513
0.530579
0.534939
0.489864
-0.374298
0.0399446
0.722799
-0.476235
0.0617238
1.09406
0.591707
0.981574
0.719505
0.91223
0.464428
0.89903
0.76601
0.426516
0.982697
0.808078
0.215461
0.232783
-0.0700361
0.661908
0.356787
0.561358
0.383842
0.567122
-0.213817
1.20594
1.33451
1.12993
1.13124
1.07382
-0.127717
0.941983
1.01572
1.0108
1.63973
0.946465
0.502697
1.22473
0.608381
1.23767
1.62689
1.46875
1.13864
2.27638
2.29051
-0.143411
1.55597
1.49337
1.67625
1.69852
1.67667
0.432963
1.71758
1.31454
1.22787
1.47694
1.82674
0.677726
1.46658
1.20764
1.55884
1.17543
0.847816
1.48271
2.17275
1.75876
1.54899
1.67591
2.07918
1.95428
1.63648
2.09638
1.58515
2.7209
1.80002
2.32744
1.31996
1.05395
1.84906
0.0774235
1.87554
1.01684
1.71549
1.6716
1.40646
1.35283
0.828667
1.07289
1.64593
1.85387
1.48554
1.70601
1.79351
1.74989
1.59584
1.35121
1.78233
1.03622
1.56067
1.59925
2.79697
1.18236
1.17688
1.11585
2.06234
1.23175
1.74458
1.20889
1.38811
1.23638
0.8558
1.00282
1.35283
1.65598
1.27758
1.27678
1.74036
0.400094
1.03508
1.56325
1.31767
0.0695756
2.37795
0.806212
1.04149
0.476243
0.916191
1.00915
0.598721
2.48142
1.59488
1.19422
1.03523
-0.23634
1.45568
0.812892
0.503109
1.20456
1.30733
2.11568
0.553357
1.7248
0.102767
0.789353
0.687508
0.371788
0.882629
1.33836
1.62705
0.875978
1.65868
1.8327
0.493061
0.981754
1.57092
0.937435
0.766568
0.434447
1.04982
0.956292
2.35076
0.592604
0.767661
1.18962
0.307744
0.832753
0.924531
1.87553
0.801828
0.288501
0.814634
0.837756
1.00056
1.25412
0.246483
0.956107
1.58403
1.12536
0.423163
0.00233153
0.440294
0.595767
0.57128
0.83397
0.819935
0.00409012
0.846432
0.635344
1.28687
0.718799
0.38568
1.00805
-0.48732
0.596561
0.733799
-0.29352
0.404058
-0.161989
1.17944
0.323662
0.444952
0.629383
0.416738
0.722076
-0.116676
1.21034
0.590234
0.977855
0.850359
0.724695
0.755412
0.62844
0.956471
-0.0287188
0.106954
0.246386
-0.214404
1.42628
0.0856891
0.416494
0.761884
0.359857
0.199426
-0.706338
0.796344
0.938568
-0.188802
0.0603442
-0.537399
-0.413986
-0.345834
0.223724
0.401996
-0.200205
0.340323
0.587648
1.43573
-0.0673263
-0.532658
0.109267
-0.178634
0.0899564
0.404959
0.0497949
0.270109
-0.359736
0.193386
0.0304817
0.12903
0.0100917
0.36558
0.241482
-0.934579
-0.718045
0.138903
-0.534261
-0.438018
0.837294
1.06093
0.00095337
-0.433499
-0.89078
0.239609
-1.167
-0.209334
-0.48878
-0.270077
-0.0423859
0.347804
-0.340033
0.544395
-0.0869882
-0.86521
0.0552455
0.191632
-0.0956519
-0.783621
0.0108724
-0.24761
0.630427
-0.00760255
-0.221786
-0.0211035
0.603024
0.314151
0.941136
0.373689
0.930948
-0.18455
0.292136
0.387861
0.285904
0.141263
-0.289074
0.462472
0.229738
-0.333842
0.540451
0.329448
-0.0342556
-0.280145
-0.274734
1.01589
0.556805
-0.347509
0.0963783
-0.751737
0.828451
0.152821
-0.0134315
1.24955
0.0136185
0.522429
1.04955
1.18162
0.370676
0.529317
-0.0363739
-0.00977386
0.718478
0.745147
0.56078
-0.688442
0.26453
0.366106
0.430127
0.046115
0.0170511
0.917265
0.289832
0.50162
0.434761
0.171858
0.360677
0.439604
0.0601861
0.612635
-0.0318572
0.361359
0.369609
0.232764
0.649227
0.115508
-0.131485
0.602742
0.585543
0.312427
0.0173071
0.303627
0.46238
0.399283
0.142184
0.713044
1.29776
-0.641002
-0.0951476
1.07248
0.929212
0.248739
0.591972
0.0809552
1.00714
1.16005
0.260945
0.775983
0.149912
0.773817
-0.357791
0.276441
0.882218
-0.402636
0.150588
0.618433
0.159962
0.193286
1.04358
0.437628
-0.147932
0.673142
0.279087
0.09299
-0.062951
-0.63134
0.337586
1.11989
0.462734
0.571278
0.895152
-0.238379
-0.307956
0.260559
0.29973
0.0725233
0.18654
0.0857401
-0.305717
0.30936
-0.493378
0.679209
-0.0716998
0.363079
0.183158
0.276545
0.597988
-0.580514
-0.692767
-0.283535
-0.146266
-0.422599
-0.466077
-0.750426
-0.460192
0.201907
-0.60606
-0.744885
-1.18411
-0.988365
-1.36708
-1.51518
-0.691658
-0.479418
-1.96063
-0.721875
-0.600479
-0.508041
-1.17513
-0.333085
-1.29339
-1.16501
-0.0894614
-1.03776
-1.53534
-2.20543
-0.766221
0.182767
-0.0821283
-0.679596
-0.386397
-1.888
-0.943297
-0.678982
-0.675545
-1.10007
-1.42726
-0.741404
-1.08941
-1.25834
-0.744452
-1.09197
0.0780501
-1.52794
-1.5749
-1.8987
0.208827
-0.72675
-1.74121
-0.506603
-0.949336
-0.917427
-0.274852
-0.149013
-0.898523
-0.583644
-0.434112
-1.29969
-0.631952
-0.542115
-1.23619
-0.534747
-0.280202
-0.35138
-1.1794
-1.07123
-1.32532
-0.769486
-1.37941
-0.674238
0.36287
0.221486
-0.233672
-0.73459
-0.58509
-0.259178
-0.407099
-0.447249
-1.07039
-0.256149
0.16309
0.0266797
-0.706451
-0.186463
-0.738372
-0.888973
-0.78152
0.255617
-0.274352
-0.677596
0.388565
-0.712632
-0.500896
-0.272477
0.756697
0.35286
0.386274
0.167675
-0.314652
0.0490296
-0.244399
-0.490905
0.652615
0.135546
0.746625
0.189947
-0.89616
-0.00387046
0.229791
0.439408
0.246761
-0.494243
0.514319
-0.561891
-0.381813
0.154963
1.02745
0.806229
0.31041
0.113232
0.479054
0.480328
0.550064
1.22725
-0.0473081
0.136012
0.85632
-0.109783
-0.823466
1.36963
0.572518
-0.597391
0.403116
0.0214473
-0.032536
1.04268
0.312232
0.726109
0.389262
0.688361
-0.00882466
1.17376
0.964623
0.664738
-0.0559426
0.881392
-1.29959
0.343983
-0.379074
0.718225
0.185677
0.241831
0.0457331
-0.343347
0.391705
0.445726
0.0904417
-0.27929
0.0645935
1.07789
0.467561
0.437191
1.40559
-0.0213277
0.42658
0.352954
0.239198
0.718425
-0.41569
0.487614
0.732294
0.165612
0.511782
0.614829
0.653286
0.111259
0.465045
0.648991
0.332897
0.872871
-0.0616866
0.868346
-0.0948018
0.171857
0.674361
-0.308685
0.211602
-0.333983
-0.24284
-0.538113
0.410847
-0.39614
-0.412883
0.631362
0.737635
0.664164
0.00813759
-0.826265
0.0540972
-0.617127
0.403887
-0.239655
1.25194
0.531033
0.155983
0.290994
0.233982
-0.663115
0.369947
-0.153293
0.122615
0.180093
0.321106
-0.513998
-0.674527
0.302764
-0.757268
0.0411165
-0.206587
-0.955642
-0.377137
0.497243
-1.4351
-0.744649
-0.335003
-1.02362
-0.162027
-1.38141
-1.16313
-0.603278
-2.06659
-0.698156
0.12204
-0.549811
-0.484951
-0.0815017
-0.268367
-1.27196
-1.13667
-0.793298
-0.0798055
-1.2081
-1.311
-1.2755
-1.34438
-0.995955
-1.72958
-0.334863
-1.3719
-0.507775
-0.676617
-1.89482
-1.38215
-1.20061
-1.37479
-0.776161
-1.81725
-1.77059
-1.67501
-1.407
-1.37974
-1.85218
-1.30841
-2.02345
-1.85881
-1.04622
-0.624929
-1.38748
-1.85518
-2.0161
-1.2211
-1.07678
-0.763482
-1.93435
-0.40666
-0.857671
-1.75871
-0.965248
-1.95357
-2.31882
-1.37838
-2.63818
-1.19224
-2.28423
-2.07268
-1.66707
-1.22461
-0.794622
-1.3136
-1.05094
-1.26224
-1.46192
-1.71574
-0.891927
-1.37699
-1.38684
-2.51704
-1.27306
-2.13907
-0.972559
0.0250606
-0.73605
-0.864382
-1.0233
-0.117657
-1.80036
-0.721351
-0.0928189
-0.640636
-0.525153
-1.0697
-0.725201
-0.729951
-0.621132
-0.0184997
-0.649388
-0.134301
-0.819206
-0.5998
-1.15575
0.372473
-0.447958
-0.0312361
-0.766373
0.331568
0.890767
0.767883
-0.4229
-0.409524
-0.523118
0.484519
-0.0297344
-0.610144
-0.373571
0.289433
0.167362
0.190762
-0.413387
0.30838
0.197444
0.391431
-0.0123594
0.220292
0.539843
-0.0769229
0.230209
0.187754
0.520235
0.89874
1.65405
0.896123
0.330785
-0.045086
-0.38474
0.258227
0.224787
0.160821
0.257091
0.925298
0.560665
0.0147084
0.150306
0.0144864
-0.0593558
0.168532
0.12941
-0.168542
-0.183727
-0.00959577
0.330715
0.467512
-0.161445
0.375643
0.495799
-0.143477
0.456876
0.00572686
0.235438
-0.476089
-0.319055
0.49669
0.799031
-0.0439924
-0.253112
-0.410525
-0.66156
-0.179207
0.182712
0.0836888
-0.190333
0.193339
0.820347
-0.210429
-0.872185
0.00939447
0.327598
-0.182441
-0.816478
-0.705313
-0.162472
-0.802168
-0.714019
-0.758521
0.0638366
-1.52319
-0.329216
-0.948506
-0.810559
-0.458731
-0.80169
-0.452128
-0.797806
-1.5964
-0.322515
0.165353
0.0775842
-0.959781
0.322101
-0.591994
-0.75567
-1.03893
-1.19946
-0.762427
-0.905386
-1.13955
-1.09551
-1.14781
-1.086
-1.066
-1.99068
-0.846103
-0.997429
-1.55705
-1.11085
-1.1217
-0.768119
-1.99879
-1.57602
-1.1799
-0.787652
-0.451465
-1.28796
-1.40254
-1.25382
-1.47777
-1.7367
-1.84967
-1.3207
-0.579093
-1.01547
-0.80907
-1.62144
-1.41943
-1.51651
-2.13015
-1.58506
-1.30194
-0.65529
-1.8137
-1.71977
-1.09401
-1.54857
-1.43611
-1.40108
-1.21326
-3.21754
-1.32049
-1.82547
-1.70643
-1.14884
-1.27454
-1.51988
-2.30278
-1.01078
-0.682342
-1.18945
-1.4985
-0.777654
-2.46782
-2.11885
-1.06602
-1.35777
-1.52286
-0.992568
-1.47904
-1.28963
-1.33225
-1.56643
-1.77669
-1.65566
-1.55924
-1.07285
-1.58416
-1.15856
-0.773491
-0.997356
-1.469
-1.41164
-1.82438
-1.10363
-0.636414
-1.37357
-0.738482
-0.486912
-0.0780614
-1.21035
-0.500355
-1.41278
-0.985569
-1.59781
-1.14381
-1.2865
-0.702274
-0.881752
-0.761442
-0.761638
-0.905016
-0.590649
-1.79959
-1.24121
0.124305
-1.64127
-1.51208
-1.35067
-0.64569
-0.911444
-0.731805
0.0980924
-0.975897
-1.05894
-1.31909
-0.592475
-0.545531
-0.550192
-0.909425
-0.527693
0.0613687
-1.08652
-1.87249
0.278812
-0.259822
-1.07996
-0.250952
-0.697119
-1.09944
-0.855776
-1.19083
-0.8567
-1.18572
-1.34798
-0.733616
-0.295315
-1.7177
-1.39549
-0.290792
-0.654443
-0.630873
-0.288231
-0.935532
-1.09779
-0.890105
-0.276414
-0.389367
-0.447795
-0.659338
-0.333473
-1.34733
-0.795527
-1.0963
-1.27614
-0.476198
-0.554414
-1.39395
-0.760901
-1.23687
-0.896548
-0.343463
-0.750362
-1.93559
-1.1188
-2.12777
-1.31509
-0.573562
-1.54583
-1.70485
-0.250094
-1.72392
-0.632831
-1.17196
-1.38525
-1.6553
-0.904939
-0.817119
-0.634986
-1.72342
-1.34101
-1.97464
-0.398128
-0.892776
-0.730892
-1.08283
-1.81901
-1.18734
-1.27637
-0.811828
-0.422082
-2.35419
-1.27608
-1.31634
-0.823716
-1.07319
-0.518522
-2.25901
-1.54013
-0.350914
-1.29672
-1.94901
-1.42283
-1.33566
-1.40744
-0.360973
-1.67623
-1.17012
-1.87291
-1.27232
-0.754754
-1.96864
-2.0578
-0.54382
-1.85537
-0.760972
-0.838169
-0.649402
-1.52261
-1.45968
-1.27356
-0.965323
-1.06988
-1.33986
-1.07105
-0.986254
-0.65417
-1.36816
0.476307
-0.463836
-0.324378
-0.965082
-0.381933
-0.199924
0.22171
-0.7669
0.624733
-0.340632
-0.380967
0.439492
0.198131
1.10815
0.909297
0.0961332
0.117924
-0.547113
0.510908
0.296538
-0.177773
0.183147
0.654393
0.0791635
-0.465151
0.206448
0.0535286
0.945166
1.51112
0.101801
-0.0604091
1.05173
1.17618
0.944017
1.13214
1.28325
1.84535
1.06015
0.954885
0.0610963
2.27983
1.72668
1.41982
2.20844
0.729768
1.59815
2.0854
1.46387
1.0304
2.1964
1.48638
1.6801
2.34711
2.34121
1.3172
1.66621
2.0539
1.85626
2.33975
2.02394
1.38045
1.62791
0.917886
2.04198
2.32752
1.20981
0.907229
2.21532
1.48984
2.19976
0.626662
1.12978
0.771559
1.31847
1.43938
1.73081
1.93944
1.04363
1.34002
0.817119
1.27906
0.774875
0.940286
0.751744
0.270693
0.670888
0.0815147
0.467373
0.913412
1.46276
-0.0495302
0.390093
1.0172
0.87223
0.804966
1.57506
1.74183
0.457604
0.413734
0.987311
0.425876
0.601846
0.819505
1.71033
1.42935
0.850646
1.35833
1.33625
0.917828
0.538343
0.932818
0.859835
0.768078
0.460308
2.16401
1.16488
1.13823
0.716545
1.13623
0.7732
0.779077
0.106862
0.474579
0.968508
0.96217
1.84045
1.24182
1.12843
0.944087
0.673385
0.642292
0.658896
0.5735
1.04903
1.46075
0.985388
1.29655
1.13426
0.855639
0.300092
0.160913
0.434796
0.323003
0.894668
0.469395
0.654454
0.364155
0.430001
1.08995
0.364501
1.46882
1.28514
1.39957
0.0347195
1.48513
1.32378
-0.0464841
0.098496
0.371572
0.744769
0.513169
0.0867749
0.375684
0.0676219
1.06384
0.394726
0.165726
1.24853
0.268455
1.04092
1.08597
0.596161
0.316242
1.53327
0.322791
1.38748
0.912048
1.47307
1.27047
0.809633
0.652381
1.22515
0.399052
0.126966
0.856419
1.34337
0.64902
1.23496
0.454622
0.71336
0.1222
0.549344
0.306889
-0.217975
1.64029
0.735103
1.37502
1.07967
0.810178
0.783581
0.505936
0.755317
1.51544
0.537589
0.453318
0.535983
0.647862
0.194232
0.0395032
0.48711
-0.39446
1.14272
1.92654
0.667294
0.690007
0.806517
0.873287
0.554337
-0.414352
0.544732
0.844204
1.37249
1.43591
0.432569
0.876361
0.863997
0.110627
-0.0134761
0.867041
0.615685
0.982325
2.34348
1.00386
1.53412
1.78408
0.451609
0.653196
0.777652
0.531006
-0.340308
0.0409554
0.485316
0.469173
-0.316667
0.335002
0.0842957
0.448201
0.489307
0.268547
0.470128
0.010432
0.959413
0.553546
0.0437293
-0.0259522
0.641964
1.36081
1.73733
0.296204
0.858615
1.07396
0.660851
0.0600623
0.942643
0.05005
0.596209
0.250078
0.744636
0.051437
0.431938
0.382599
0.253806
0.213351
0.890441
0.196648
0.421706
0.257823
0.521468
1.10474
-0.422249
1.11861
0.345308
-0.473902
0.104676
-0.445577
-0.272072
0.0118686
-0.13779
-0.618259
0.172293
-0.400585
0.421713
-0.88388
-0.0792758
-0.746433
-0.103125
-0.742211
-0.7539
-0.949792
-0.0892216
0.0588553
-0.123878
-0.701077
0.679154
-0.17415
0.295107
-0.100417
0.470158
-0.589417
-0.73041
-0.753456
0.750554
0.614572
-0.207011
-0.448612
-0.363177
-1.25493
-0.267591
-0.527611
0.169983
0.0118138
-0.440256
0.343378
-0.216994
-0.553947
-0.520056
-0.702734
-0.100758
-0.751524
-1.55834
-0.329625
0.276852
-0.0658885
0.156185
-0.550072
-0.326567
-0.61068
-0.014382
0.659556
-0.701003
-0.591728
-0.293451
-0.106754
0.559019
-0.0205453
-0.595863
0.0529599
0.0349517
-0.962973
-0.643487
-1.01755
-0.429142
0.758929
-0.258612
-0.640216
-0.0560279
-0.487127
-0.311346
0.511787
0.0457678
-0.722584
0.267862
0.0816852
-0.0348976
-0.241183
-0.147235
-0.973794
-0.107268
0.500203
-0.0950931
-0.611954
0.0222466
-0.297652
-0.448602
-0.676521
-0.569809
-0.364536
0.118541
-0.472733
0.457479
0.320181
-0.703184
-0.323517
0.428756
-0.659067
0.571312
0.000822499
0.429336
0.469861
0.0652896
-0.378877
-0.134872
0.159628
0.042323
0.702763
1.06161
0.467258
0.0307153
0.584963
0.730222
-0.293812
0.889854
-0.428874
1.46801
1.48007
1.22777
0.418781
0.916594
1.27008
0.531813
1.0751
0.364746
1.27854
1.13709
1.90815
0.443677
0.440131
0.78123
0.615859
1.21179
1.1525
0.337408
1.44138
1.07728
1.24085
1.12172
0.854181
2.31091
0.980767
1.70188
1.1829
1.85008
2.24193
1.74109
0.956951
2.40512
1.28999
2.21419
2.21096
0.755689
1.46464
2.00689
1.66762
2.22379
1.03689
1.38541
2.50326
2.27292
2.00109
2.38067
0.956185
1.26973
1.72787
2.01393
1.80507
1.21604
2.01273
1.23711
2.56145
1.58009
1.01755
2.77759
2.49106
2.20876
2.3075
1.65594
1.1966
1.87106
1.56584
2.61457
2.84776
1.45148
1.82073
2.00733
2.62162
0.59785
1.19337
2.60041
1.94725
2.09808
2.12181
1.84443
1.82937
1.58519
1.79248
1.8454
1.50614
1.24528
0.794543
1.67279
1.18171
1.55934
1.2955
1.65152
2.0302
1.66285
2.33134
2.37197
0.995136
1.88642
1.53775
1.04926
1.04555
0.903248
1.77023
1.68576
1.6491
1.83063
1.24229
1.19498
0.738991
1.271
0.95331
0.617624
0.00726381
0.790413
0.898897
2.29752
0.928896
1.12053
0.254613
1.10346
1.37544
1.35688
0.805134
1.43844
0.810775
-0.206802
1.16296
0.82335
0.721796
1.19537
0.328797
0.695658
1.41805
1.54095
1.16762
0.381429
0.259012
0.977605
1.00935
1.12702
2.17209
0.12439
1.9698
2.01998
1.65255
0.854698
1.11637
1.99006
0.433141
1.56667
1.60194
2.02472
0.892498
1.57634
0.30849
1.16991
0.373238
0.860749
0.215529
1.10806
1.0456
1.27425
0.749219
0.778176
1.24644
1.79
0.641955
0.260704
1.01175
0.779214
-0.179496
0.777
1.37433
1.29758
0.107518
0.733497
1.01546
1.46558
1.41722
0.794699
0.956733
0.784176
0.660198
1.27455
1.19014
0.239281
0.477469
0.665995
1.39283
1.40018
0.0987056
1.24991
0.632852
1.3126
1.69627
1.0773
1.10693
0.376442
0.382796
0.264187
0.370296
1.64079
1.00182
0.175536
0.983788
1.55669
1.32095
0.407755
0.730354
1.29502
0.654495
1.4386
0.835819
0.654501
0.192641
0.949897
0.313012
1.21255
0.896074
1.45473
0.850005
1.01953
1.59295
1.01802
0.795961
0.927111
1.75143
1.25068
1.44106
0.838421
1.70628
1.45355
2.15381
2.06749
0.550546
1.85445
1.2118
1.0605
2.03657
1.49527
0.900912
2.20004
1.71984
1.88649
1.52413
2.14294
1.47477
1.75218
1.61343
2.47112
1.33974
0.715146
2.13551
2.33116
1.85719
1.09946
2.13801
0.926372
2.30135
0.724132
1.78617
1.55651
1.45305
1.29897
2.41147
2.41255
2.01706
2.06029
0.507506
1.84802
1.63452
1.81259
2.91811
1.59508
2.0237
1.81334
1.40409
2.06653
1.77858
1.18447
1.1603
1.6909
0.902742
1.21741
2.18628
1.39871
1.88549
1.42112
1.12259
1.71501
1.49029
1.72469
1.90289
2.09299
1.61049
1.04739
0.863616
1.08657
-0.566859
1.90058
1.11198
1.5654
1.11991
0.775658
1.46912
1.45993
1.57987
0.896301
1.61495
1.6362
0.924319
0.871754
1.04398
1.2989
0.150299
0.53051
1.53197
0.482422
0.534432
1.595
-0.135091
1.18087
0.696153
0.743842
1.22542
0.903662
0.147592
0.240006
0.0628073
0.807407
1.5463
1.82705
0.967548
1.28353
0.781665
0.603825
1.01073
1.40608
1.4749
1.40687
0.927684
0.458451
0.400947
1.56144
1.10201
0.282957
-0.387173
0.827303
0.768876
0.656218
-0.107692
1.46605
1.28264
1.52635
0.476977
1.36246
1.09966
1.18874
0.250113
1.95473
0.921882
1.10538
1.90815
0.796559
1.9122
1.90147
0.757041
1.33084
1.39147
0.679556
1.87447
1.97546
1.46107
0.635117
1.7509
0.564377
1.72526
0.504052
1.07838
0.917482
2.18355
0.589036
0.944016
0.125561
0.9685
1.94006
0.696845
1.16287
2.04483
0.947706
1.89072
1.00006
1.00886
0.894652
0.643263
0.723929
0.758828
2.58491
0.617692
0.828277
0.475834
1.08069
1.4438
1.05355
1.51678
1.27919
1.02553
0.97989
0.75993
1.20422
1.4426
0.610216
1.10906
0.43256
0.82207
1.43079
1.37193
1.49062
1.46395
0.785255
1.6063
1.57146
1.54777
1.55077
1.29379
0.991332
1.5952
0.509421
1.99933
0.265772
0.955346
0.828976
1.3029
1.62654
0.750359
2.16769
1.44424
1.94725
1.72016
1.87612
1.83612
1.08722
1.00745
0.748603
2.1364
1.52644
1.25579
1.46368
1.97392
1.65375
1.46724
1.21762
1.94739
0.655241
1.31725
1.94367
1.98177
1.43635
0.287066
2.09272
1.23486
0.934878
1.68867
1.50481
1.09453
1.65916
2.06475
1.41461
1.60495
1.77333
1.74954
2.27729
1.98391
2.27086
2.11588
2.06024
0.741438
1.80091
1.42783
2.47573
0.979826
2.51394
1.35043
1.34473
1.58597
1.74224
0.958973
0.684907
1.34686
1.40434
1.67945
1.46056
1.50321
0.990145
0.39054
0.86563
1.61683
0.692043
2.2938
1.35892
1.79446
0.200928
1.01229
1.07236
0.380395
1.4755
0.257447
1.51092
0.921661
1.71583
1.53515
1.11322
1.57961
0.844968
-0.00517958
1.75339
1.02674
1.10376
0.589415
0.0367679
1.84786
1.21616
0.920761
1.88801
0.757325
2.02274
0.739249
0.546959
0.335929
1.50655
0.107182
1.27425
0.825406
1.53811
1.21009
0.576962
1.26458
1.19574
1.07725
0.279554
1.19789
0.271466
0.539091
-0.0222655
0.790425
0.72517
0.426289
0.815323
1.36376
0.969321
0.0658867
0.413637
1.32112
0.853328
0.98521
0.052919
0.481377
-0.291228
0.885298
0.566673
0.827845
1.6861
0.459209
0.520905
-0.821636
0.193592
1.31951
0.455724
0.435938
0.324442
0.211229
0.396575
0.75762
0.322073
-0.329358
0.941845
0.741203
1.3229
0.915781
0.449961
1.31312
1.14186
0.576458
1.00317
0.804714
0.673027
-0.325209
1.22799
-0.440659
0.078441
-0.496845
0.851937
0.589718
0.226412
0.498192
0.330651
-0.676243
-0.192709
0.364192
-0.314881
0.272859
0.123017
-0.395432
-0.0260312
-0.0729654
-0.235602
0.91284
0.539226
0.224999
-0.221612
-0.193106
-0.135093
0.141379
-0.0678979
-1.33753
0.842277
0.0855672
-0.339854
0.160443
0.193308
-0.150421
-0.141793
0.0635241
0.576817
-0.0859693
-0.107108
0.271745
-0.0807815
-0.353265
0.227227
-1.10183
0.233756
-0.787534
-0.230497
-0.0150944
0.264902
0.530137
1.30118
-0.703277
0.673806
-0.356324
0.231616
1.02996
-0.0978277
-0.421847
0.613834
0.281246
0.904991
0.654171
-0.429718
0.22195
0.504292
1.00939
1.06012
0.206289
0.268964
1.72528
0.323905
2.00244
1.37319
0.367334
0.779487
0.885668
1.41682
0.845004
0.575619
0.795067
0.932115
1.36232
1.42348
0.0454232
0.320033
1.62248
0.61652
1.752
1.0225
0.62963
0.965372
1.50612
0.01355
0.599147
1.7786
0.719568
0.121766
0.799964
1.12975
1.0806
1.18953
0.34567
0.429148
0.403117
0.564043
0.886695
0.0308817
1.11558
1.02824
0.366403
1.1156
0.646618
1.13345
-0.438674
-0.0712409
0.383013
0.821445
0.836566
1.04658
-0.0367782
0.891625
0.73818
0.220072
0.544545
0.165109
-0.858044
-0.12815
-0.4372
0.19708
0.48241
0.411208
-0.417173
0.347258
-0.686241
-1.22883
0.573153
0.0955122
0.0699728
-0.913615
-0.023837
0.39853
-0.582982
-0.78255
-0.392241
-0.355665
-0.00938955
-0.420864
-0.803433
-0.744724
-1.17376
-1.29392
-0.731318
-0.533253
-0.519108
-0.654695
-1.22543
-0.286126
-1.47277
-0.402479
-0.467233
-1.13083
-0.198007
-0.803717
-0.128654
-0.669568
-0.767926
0.0917482
-0.402743
-0.371047
-1.2541
-0.264689
0.592426
0.670348
-1.14549
-0.947887
-1.26404
-0.854569
0.717968
-0.538926
-0.0106354
0.556564
-0.176688
-0.48715
-0.0939946
0.0953287
-0.0731691
0.138411
-0.544249
-1.02643
0.318299
-0.820527
-0.868305
-0.858584
-0.378915
-1.10892
-0.111983
0.381164
0.467434
-0.485858
0.0889607
0.0431804
-0.0453662
-0.647289
-0.248989
0.88446
-0.140667
-0.124177
-0.755052
-0.305768
-0.554184
0.286224
-0.471801
0.569559
0.227001
-0.211893
-0.486178
-0.590853
-0.601119
-1.16339
-0.185759
-0.421168
-0.00309524
-1.11393
0.53866
-0.291691
0.152933
-0.54244
0.854272
0.316214
0.363592
0.513346
-0.374564
-0.229767
-0.54809
0.449544
0.0850509
-0.676015
-0.39651
0.0841495
0.222033
0.223431
-0.18364
-0.565251
0.402922
-0.476922
0.0659074
-0.507175
-0.641363
-0.251543
-0.343146
-0.726151
-0.0471848
-0.788207
-0.37581
-0.721066
0.381632
-0.167923
0.13702
-0.0652078
-1.5631
0.576594
0.249646
0.180695
-0.159065
0.0456578
-0.562522
0.516575
-1.25613
-0.229042
-0.535562
0.395599
-0.677815
-1.64089
-0.38425
-0.27363
-0.621901
-0.299746
0.774248
-0.533106
-0.861473
-0.0359321
-0.995127
-1.15795
-0.138405
-0.839173
0.464275
-0.205151
-0.525357
-0.505882
-0.0955803
-0.601253
-1.19529
-0.456057
-0.160081
-0.565629
0.476009
-0.491259
-1.23728
-0.837827
-1.26746
0.08473
-0.889929
0.228882
-0.242549
-0.335662
-0.170251
-0.413158
-0.230734
0.88951
0.633387
0.319175
0.417243
0.00297024
-0.371139
-0.467637
-0.79831
-0.733127
-0.152114
-0.261563
0.207722
0.548232
-0.0894578
0.853717
0.654438
-0.960285
0.21986
0.12814
0.482184
-0.301845
1.02958
0.129581
1.14908
0.936521
1.13405
-0.0095548
0.230579
1.11387
0.544245
1.00345
0.710823
-0.506074
1.47876
-0.199606
0.94865
0.535857
1.51057
1.55351
0.854783
0.0926535
0.476292
1.24977
1.47948
1.31145
2.19837
1.99148
0.838868
0.680774
1.91673
0.946632
1.09428
0.554421
1.06814
1.47031
1.55968
1.37963
1.47454
1.30805
0.527509
1.70877
0.709986
1.72833
2.04359
1.86638
0.892972
0.0889351
2.59902
1.29915
1.78159
1.01279
1.27091
0.78358
1.4473
1.29678
0.704962
1.1886
1.6894
0.903667
1.187
1.85507
1.8374
1.44395
0.709642
1.23788
1.36892
1.97433
1.37508
1.47741
0.737218
2.3866
1.97176
0.99904
0.464823
1.20967
1.14974
1.20855
1.0313
0.922644
0.610138
1.60679
1.11204
1.04502
1.37201
0.666354
0.735894
0.950158
1.01799
0.378075
1.19698
0.317174
0.770157
0.712577
1.07911
0.862351
1.60662
0.956627
1.45874
0.38145
0.264451
1.19701
0.676856
0.925449
0.384291
0.738901
1.21016
-0.116563
1.26511
0.741782
0.264228
0.305628
0.650687
0.290851
0.98802
0.165278
0.366406
0.613108
0.366591
0.503973
0.04765
-0.222944
0.237035
-0.114003
-0.186528
1.22377
0.143305
-0.0279084
0.195423
0.724578
1.45723
0.959659
1.2907
-0.652343
-0.0598297
0.170698
0.278082
-0.289041
0.595876
1.679
0.865854
-0.351206
0.114158
-0.244728
0.391718
0.365843
0.0318358
0.474967
-0.895473
0.19489
0.601563
0.0216444
0.759905
0.0728856
0.536353
0.320003
-0.270115
0.160052
0.30378
0.827036
-0.498289
-0.313244
-0.520251
0.950039
0.124085
-0.32304
0.292729
-0.0228953
-0.0304118
0.506551
0.758163
0.370386
-0.624175
1.02612
-0.107333
-0.540296
-0.360684
0.129775
0.104952
0.195676
-1.17092
-0.221769
-1.16473
0.42221
-0.0499324
0.513853
0.2195
0.187617
-0.0189377
-0.91561
-0.37837
-0.367603
1.14537
0.653727
-0.0536652
0.398673
0.817257
-0.706966
0.663418
0.883207
-0.0870412
0.485954
0.676427
0.658831
-0.224627
0.144837
0.558311
1.31848
0.88362
-0.207313
1.41727
0.557101
0.483107
0.890931
0.838641
0.40154
0.931657
1.0154
2.07044
1.67006
1.5051
0.99657
0.440919
0.634428
1.15843
2.16019
1.82653
0.503819
1.11001
0.779352
2.32712
2.12181
2.11334
2.33879
1.38305
2.36245
1.75349
1.7354
1.50851
1.52093
2.23542
1.70511
1.80113
2.49924
2.17176
1.71108
1.84541
2.3917
2.26894
1.83061
2.18222
2.91512
1.48401
2.1387
1.58618
2.65888
2.64857
2.29972
2.34754
2.63824
1.53931
1.25808
2.4906
1.0844
1.70151
1.37334
2.5082
2.16484
0.934473
2.4128
1.27452
1.9881
1.20241
1.75386
0.990833
0.936137
1.55073
0.964077
0.744214
1.27468
0.871765
1.1527
2.72273
1.42844
1.86133
0.650502
0.764991
1.75072
0.175942
0.240087
0.4827
-0.127304
0.354207
1.09623
0.442013
1.44198
-0.166818
-0.02993
0.398092
0.582619
0.252346
0.86762
0.341087
1.14567
0.977513
0.823509
0.869255
0.0145884
0.712802
-1.5072
-0.116121
-0.248632
0.376205
-0.402727
0.308899
-0.289184
-0.405581
-0.393615
0.260953
-0.10049
-0.0484399
-0.150685
-0.449611
-1.32724
-0.600856
-0.332322
-0.0237774
-0.582875
-0.227546
-0.913833
0.15473
-0.157301
-0.331993
-0.467229
-0.232184
-0.287385
0.49734
-0.502154
-0.262619
-0.141033
-0.207831
0.913056
-0.102976
0.111304
-0.0651468
-0.187096
0.693037
0.425422
0.651147
0.511458
0.736905
0.608847
0.273286
0.0466727
0.141583
0.0436973
0.522117
0.219814
-0.148294
0.331318
0.90378
0.38661
0.410015
-0.282694
0.430934
1.03839
1.06059
1.2103
0.62506
1.07612
0.556526
0.586083
0.419749
-0.243547
0.167912
1.17187
1.38884
0.229009
0.809314
0.296958
0.274068
0.664403
0.872043
-0.0803016
-0.0452513
0.727121
1.818
0.471016
0.702481
0.96056
0.477114
0.95153
0.205655
1.01007
0.78868
0.405153
0.486478
0.88696
0.625134
0.447872
0.767146
0.677779
0.308101
0.662605
1.3195
0.570269
1.20524
0.570488
0.573969
0.526371
0.917824
0.629907
-0.195854
0.694244
0.419689
0.273966
1.16245
0.633914
0.447985
1.05129
0.547028
0.442757
-0.242503
0.366074
0.350877
1.27198
1.28279
0.653994
1.39316
0.531718
0.0965594
1.78634
1.03824
0.618218
0.196266
0.424074
0.23255
1.32365
0.541744
0.071098
0.929891
0.013147
0.333383
0.909739
0.656754
-0.0713408
1.2674
1.19144
1.18677
0.0356262
0.748852
0.631534
-0.0159297
0.461056
0.121717
0.564424
0.160356
0.823057
-0.0384461
-0.106096
0.968828
0.209431
0.695843
1.27695
1.54846
1.71787
0.692528
0.354187
0.479214
0.75932
1.3867
0.491118
0.293584
0.802733
0.115377
1.50045
0.363441
0.435198
0.869533
0.141486
0.915665
0.774741
1.32678
0.698983
1.05398
1.21661
1.13467
1.35214
1.26327
0.930428
1.07109
1.12672
0.823533
0.521131
0.356202
0.119546
1.14447
0.874549
1.02367
0.595997
0.772315
1.30147
0.0914597
1.42933
0.0632784
1.2479
1.5568
0.805692
0.796079
0.0194496
1.33202
1.19452
1.19254
0.998641
0.921939
1.33287
0.796695
0.796826
1.06427
1.06503
0.984998
0.647772
0.488733
0.761863
1.30731
0.954885
1.39329
0.664238
0.405024
0.0845135
0.976798
1.01095
1.3772
0.865397
0.617993
0.545384
0.610657
1.03188
1.08368
0.229873
1.16223
0.605848
1.29745
0.780953
0.923256
0.631104
0.00671268
0.570366
0.756831
0.0248973
1.10979
0.343078
0.6906
-0.145909
0.467129
1.11897
-0.0109236
0.824339
0.39419
0.328943
1.0517
1.04504
1.05496
-0.399906
0.695106
-0.25256
0.464593
0.0375398
0.330239
0.157513
-0.200387
0.828906
1.14758
1.28883
0.900152
0.449485
0.813799
-0.148198
0.136084
-0.541914
0.0557663
-0.318413
-0.168177
0.252347
0.429212
0.261184
0.349181
0.640006
-0.0874323
-0.881823
1.27042
0.201075
0.298116
0.708248
0.417836
0.11734
0.699107
0.643855
0.412521
0.970285
0.46125
0.244124
0.463991
0.99434
0.132123
-0.435691
-0.375638
0.888119
0.445567
1.031
0.777678
0.822974
0.128852
0.618661
0.0127059
0.43842
1.21541
1.14096
-0.0204798
0.930199
0.855702
0.98172
1.20033
1.2483
0.918376
1.48085
0.822832
1.10484
0.999141
2.28993
0.765504
-0.284422
1.91523
1.75285
1.09868
0.892313
0.807775
1.22467
1.34672
1.33481
0.862177
1.44648
1.13382
2.06044
0.59734
1.82402
2.06735
1.12252
1.83589
1.04378
1.69971
1.81687
1.0566
1.32061
0.645817
1.13683
1.13311
1.60687
0.688752
0.773332
1.71933
0.924464
0.955497
1.68857
1.25927
1.04612
0.691841
0.829248
0.587619
0.617014
0.705358
1.72969
1.02203
0.289425
-0.0848092
-0.0418627
0.0976125
1.7969
0.780513
-0.305541
0.69339
0.51787
0.810552
0.909175
0.715011
0.510437
0.345302
0.434165
0.588345
0.409441
0.426103
0.686595
-0.591253
-0.0315466
-0.185055
-0.0433424
0.146486
0.465859
-0.258613
-0.104972
0.915467
0.269832
-0.111289
-0.249361
0.0368712
-0.673046
0.979879
-0.574315
-0.127084
-0.509007
-0.243836
0.4847
0.0272067
-0.495868
-0.0069765
-0.645711
-0.294701
-1.15034
-0.775578
-0.832237
-0.249854
-0.269268
-1.12457
-0.90898
0.590407
0.19443
-0.217682
-0.603637
-1.01449
-0.444693
-0.520334
-0.720267
-0.442515
-0.844466
-1.03156
-0.666446
-0.531638
-0.914588
-0.250738
-0.442451
-0.56361
-0.805548
-0.0770828
-1.36185
-1.02481
-1.04732
-0.300767
-0.395287
-0.0320504
-0.0951831
-0.532481
-1.23025
-0.928601
-0.645312
-0.960563
-1.28562
-0.120418
-0.491131
-1.24366
-0.996568
-1.30746
-1.22388
-2.0494
-1.77962
-1.69395
-0.270112
-1.16765
-1.34312
-1.06847
-1.60693
-1.35033
-1.4121
-2.01932
-2.46985
-2.54137
-0.681708
-1.46677
-1.56288
-1.22655
-1.34333
-1.7608
-2.25452
-2.35937
-1.87194
-1.72576
-1.00211
-2.08415
-2.50375
-1.3269
-1.2121
-1.46645
-1.31682
-2.50862
-1.5324
-1.50871
-1.70744
-1.06603
-2.29356
-2.33741
-2.40414
-0.785931
-2.18741
-2.12051
-1.70677
-2.23083
-1.05958
-2.49621
-1.83987
-1.80738
-0.769352
-0.657624
-1.00001
-1.44967
-1.1733
-1.34229
-1.28674
-1.02382
-0.699954
-1.16575
-0.231482
-0.526449
-0.982917
-0.784716
-1.2904
-0.328961
-1.00351
-1.26159
-1.51252
-1.03116
-1.63721
-0.936756
-0.617976
-1.45023
0.463633
-1.42897
-1.45758
-0.473181
-1.50606
-1.04104
-0.390275
-1.51508
-0.256121
-0.530587
-0.919389
-0.506203
-0.841871
-0.259174
-0.490572
-1.40641
-0.462662
-0.100728
-1.3448
-0.380192
-0.987793
-0.286976
1.3788
-0.208341
-0.383059
-0.134926
-0.0888309
-0.22815
-0.346171
0.247732
0.455137
0.13561
0.579324
0.128754
0.481031
0.920956
-0.330163
0.024571
0.73613
0.409476
-0.1893
0.611247
0.870193
0.208356
0.138944
0.644544
0.0122034
-0.0405262
0.0616056
-1.0283
-0.336783
-0.364414
0.0108814
0.800204
0.819966
-0.199689
0.567131
1.33953
-0.291654
0.175223
-0.0799535
-0.487148
0.381574
1.01447
0.448902
0.893062
0.240539
0.228329
0.176471
0.273527
-1.06178
0.242555
0.618028
0.372054
0.702385
-0.271652
1.71045
-0.259446
0.766682
0.767108
0.476712
0.587027
-0.276443
-0.396224
-0.439578
0.05497
1.13444
-0.585986
0.70304
-0.963963
0.615296
0.0711543
0.802748
0.0216075
0.269892
0.693755
0.491746
1.09398
0.604677
-0.51923
0.0679126
0.0271058
0.559678
-0.0241251
0.996154
0.0387351
0.600802
0.354131
1.15484
0.641787
0.0626724
-0.182327
-0.49312
0.403677
-0.145163
0.50399
0.57264
0.360697
0.0168441
1.02761
0.144156
1.08598
0.159938
0.34513
0.247882
0.503239
0.648662
-0.742743
-0.883391
0.376527
-0.178588
-0.748248
0.380991
0.261736
0.0693657
-0.646178
0.249608
0.479009
0.613729
0.577215
-0.726975
0.873774
1.14636
-0.485126
1.06322
0.594665
1.24078
0.382105
0.895449
0.855775
0.164761
0.689373
1.1483
0.201609
0.478657
-0.296923
-0.280943
0.250359
1.11394
0.504162
1.11157
0.428512
0.676728
0.418758
-0.376595
0.259008
-0.138614
0.511932
-0.579319
0.984075
0.951767
0.187608
0.542359
-0.0574923
-0.26423
0.442012
0.0115712
0.219712
0.306197
-0.634951
0.97945
-0.358159
-0.172433
-0.39813
-0.608721
0.154459
0.246251
0.00715996
0.385739
-0.553052
-0.174065
0.133491
-0.691821
-0.490774
0.117244
0.344383
0.652367
0.407566
0.178601
-1.05931
-0.769056
0.615327
-0.277502
-0.55161
0.431969
-0.525095
-0.28148
-0.837953
-0.336091
-0.294795
-0.255713
-0.795423
0.304231
-0.148671
-0.841793
-0.593954
-0.126129
-0.46988
0.307658
-0.386501
0.719266
-0.329909
0.436278
0.309443
0.823096
-1.37924
0.151036
0.610166
0.182438
0.584177
-0.282545
-0.133714
0.505066
0.0628428
-1.38027
0.478455
0.404943
0.150693
1.22795
0.637908
-0.114237
-0.34466
0.0662137
0.391272
-0.62788
-0.72663
0.786806
0.372501
0.433653
-0.301828
0.226828
0.139927
0.186898
0.675007
0.993201
0.354584
-0.459514
0.0728119
-0.599667
0.429178
-0.0747959
1.09808
0.450981
0.237656
0.361384
0.367912
0.368266
0.507416
0.360968
1.0331
-0.0194119
-0.118711
0.299796
-0.978375
0.121803
-0.0699113
-0.275419
-0.713903
-0.707136
-0.714985
-0.232537
0.401025
0.20596
-0.745929
-0.553604
-0.553559
0.11024
-0.667485
0.0116409
0.214415
0.00112014
-0.539506
-0.639621
-0.263691
-0.731299
-1.85079
-1.1535
-0.552893
-0.773436
-0.469653
-2.17632
-1.71914
-0.0862908
-1.56204
-0.654417
-0.354541
-0.919993
0.143178
-0.458706
-0.237246
-0.385579
-0.344546
-0.0784009
-0.675104
-0.893265
-0.224418
-1.12969
-0.701225
-0.142248
-1.07552
-1.28538
-1.391
-0.75157
-1.31016
-0.465559
-0.0515021
-1.20321
-0.220933
-0.221434
-0.44344
-0.662991
-0.603461
-0.789342
-0.523177
-0.158507
0.25991
0.157487
-0.893585
-0.155618
-0.2136
-0.525864
-0.135974
0.886374
0.103971
0.777384
0.300745
0.391936
0.178347
-0.193424
-0.511296
-0.17359
0.552681
1.04102
0.661435
0.412535
0.892147
0.711673
0.0069048
0.959477
1.33603
0.784102
1.25348
1.36481
0.502114
0.524788
0.926422
0.437083
0.698084
0.447647
1.00426
-0.118193
1.01948
0.982284
0.525255
0.506374
0.932851
0.958174
0.644975
0.412027
-0.393419
0.524555
0.924131
0.680597
-0.297388
0.35486
0.560576
-0.105018
0.413568
0.743771
0.774402
0.785369
0.87337
0.214688
0.559843
0.730477
-0.759301
0.0971634
1.39812
0.517821
0.967043
0.660365
-0.232944
0.435092
-0.122847
0.00072775
0.124191
-0.501331
-0.471593
-0.464691
-0.570101
-0.023234
-0.503251
0.20394
-0.748089
-0.209113
-0.362157
0.481358
-0.282107
-0.232144
-0.431155
0.116477
-0.4069
-0.614316
0.143537
-0.0209705
-0.520703
1.17676
0.979619
-0.859058
0.306885
0.862817
1.20369
0.0859952
-0.808131
0.0242052
-0.451939
0.587282
0.606864
-0.0381111
0.989643
0.0411778
1.35793
0.4674
-0.0468105
0.345532
0.814181
0.0127113
-0.00981705
1.26432
0.691776
1.2467
0.298444
1.27512
1.19625
0.706268
1.03604
1.56038
1.66131
1.4888
0.840624
1.31359
0.387133
2.0305
1.58809
2.14203
1.52611
0.4413
1.60015
1.38046
1.52788
1.72186
1.59706
2.38897
1.97415
1.67276
2.33762
2.2234
1.15366
1.3582
1.07009
1.33265
1.64847
1.43216
1.54591
0.707517
1.51819
2.3198
2.44729
1.11887
1.31184
1.27576
1.21518
2.27115
1.75346
2.07296
1.53719
2.14438
0.924705
1.81713
1.50077
0.5965
1.33541
1.75857
0.613605
1.245
1.36382
0.848362
1.03745
1.49578
2.18198
1.58015
1.14805
1.33182
0.906485
1.45979
1.03622
1.3101
1.71963
0.98786
1.3839
1.18669
2.18498
1.11198
1.30494
2.33098
1.7807
0.652674
1.62489
1.26002
1.01518
1.26052
1.84363
0.730368
0.510389
0.0775132
0.265556
0.592466
0.402482
1.00248
0.756448
0.151015
0.990717
0.033718
1.27818
0.605381
0.696219
0.773971
0.181021
0.0462224
0.22558
1.60572
0.470274
0.343188
0.0816258
0.0710041
1.57568
0.352953
0.777173
0.0648497
0.175977
-0.358879
0.493982
0.0415372
0.342133
0.509726
0.101702
0.487325
1.52887
1.08603
0.542674
0.590049
0.214643
0.520092
0.884211
0.14593
0.112002
0.813135
-0.275416
0.921435
0.159365
-0.877434
-0.305469
-0.476868
0.573523
0.28354
-0.0156098
0.557491
0.184453
1.02656
-0.324698
0.499036
0.44894
-0.775967
-0.09714
-0.285995
0.345382
-0.540461
-0.345785
0.269272
-0.551981
0.0525873
0.945676
-0.237092
0.367891
0.242629
0.229251
-0.62249
0.0796864
-0.321506
-0.312009
0.206994
0.329988
-0.333405
0.516196
0.687986
-0.420304
-0.0699111
-0.374339
-0.0128843
0.00269672
0.274846
-0.315898
-0.963525
-0.37003
0.352068
0.616178
-0.154445
-0.733278
0.501634
-0.810877
-0.240622
-0.0588304
0.740543
-0.314882
-1.12718
-0.522249
-0.405538
0.393881
-0.393173
-0.757575
0.744984
0.220683
0.74593
0.556836
-0.29903
0.573116
0.861552
0.961017
0.823797
0.47715
-0.613451
0.53807
-0.44203
0.0706182
1.17657
0.00443357
0.297141
0.260751
0.596747
0.373571
-0.0657206
0.648939
-0.180031
0.0288148
0.284549
-0.0306312
0.996087
0.596147
0.688826
0.565993
0.739158
0.38571
0.516258
0.302291
1.1787
0.377341
0.835863
0.85197
1.36932
0.772774
0.8253
0.573619
0.10741
0.956205
0.51697
1.12433
0.924655
0.912229
0.383235
1.1176
0.790755
1.26011
0.370424
1.04542
0.646019
1.29616
0.791896
0.114157
1.72211
0.674401
1.81753
1.57888
1.67157
0.156728
1.20433
1.04742
0.857631
1.25435
1.12352
0.492602
1.30474
2.10976
1.44862
1.37658
1.444
1.32487
0.978858
1.48421
0.569037
0.704245
2.08426
1.17669
1.16089
0.670431
1.60049
-0.00612161
1.34748
0.614701
0.524079
0.509872
0.638287
0.0776937
0.954518
1.13018
1.45302
0.837939
0.969594
1.59061
1.37905
1.15065
0.564242
0.946929
1.19897
0.924371
1.1251
1.01457
0.83891
-0.492164
0.784247
0.347071
1.84303
0.498183
1.23051
0.185858
1.12713
0.883748
-0.457519
1.73638
1.35717
0.374066
0.349934
2.31533
0.783619
0.839399
1.71591
-0.124422
1.2762
0.599147
0.302864
0.463404
-0.314498
0.661108
0.141676
0.666628
1.01614
0.425914
0.969053
0.0150414
-0.0161286
0.431641
0.231748
-0.683732
-0.553133
0.493517
0.0617566
0.46479
0.0386006
0.167144
0.0903493
-0.216407
-0.455116
-0.239693
0.244008
-0.398621
0.216623
0.103691
0.0648681
-0.205283
0.089908
-0.159597
0.364948
0.163022
0.64193
-1.21767
0.0871269
-0.80371
-0.659697
-0.511866
-0.471775
0.5374
-0.477875
-0.306649
-0.740454
0.5248
0.0908276
-0.563187
-0.212012
0.351273
-0.497374
0.522311
-0.16295
0.543082
0.651698
-0.385535
0.295264
-0.113099
0.178952
0.286074
-0.0576277
0.0313
0.384945
-0.770991
1.04312
0.780624
-0.358572
-0.265324
0.962181
0.00403195
0.73793
0.332251
0.364106
0.830461
0.856127
0.744151
1.28376
0.0617704
1.32584
0.617537
0.893745
0.542422
-0.0171834
0.175326
0.0212765
0.606769
0.388073
0.642222
0.96451
0.319579
0.893281
-0.215934
0.616819
0.310859
-0.0747543
0.21571
-0.400327
-0.0429772
-0.530852
0.344229
0.505198
-0.266622
0.822344
0.485454
-0.683361
-0.116487
0.930755
-0.732678
0.205349
0.436558
-1.0389
0.0572459
0.451478
-0.672106
-0.727841
-1.14788
-1.73804
-0.0677054
-0.259563
0.220091
0.324157
-0.592262
-0.248177
0.142829
-0.984599
-0.86602
-0.0305965
-0.328091
-0.677975
-0.851537
0.136194
-0.496736
-0.422766
-0.305358
-0.634064
-1.36998
-0.856111
-0.601713
-0.693316
-1.7247
-0.625235
-1.06787
-1.34808
-1.0549
-0.628278
-0.455829
-0.809499
-0.985661
-1.55122
-0.813284
-0.795764
-1.10555
-1.34334
-1.66672
-1.11594
-1.13534
-1.7227
-1.19265
-1.2282
-1.37224
-1.37052
-1.02565
-0.81785
-0.821119
-0.609039
-0.549908
-1.30613
-0.887325
-1.54435
-1.48611
-1.16734
-0.69999
-1.38291
-0.445901
-0.925913
-1.59827
-0.864062
-1.47618
-1.00702
-1.34484
-1.18278
-1.87804
-0.577815
-1.4965
-0.15403
-1.78085
-1.17626
-0.945946
-0.923024
-1.14832
-1.25605
-1.8176
-2.45472
-0.755646
-1.32696
-1.09857
-1.99081
-1.46206
-0.805598
-2.00577
-1.77645
-1.56146
-1.41828
-1.58008
-1.27369
-1.51274
-2.33836
-2.26945
-1.16939
-0.778213
-1.53078
-1.28708
-1.08596
-1.78966
-0.977952
-1.18397
-1.68872
-1.29394
-1.98399
-0.911056
-1.38074
-1.21148
-1.13594
-0.555782
-2.59411
-2.33107
-1.44006
-0.477254
-1.28604
-0.77497
-1.41479
-1.56668
-1.44863
-1.05226
-0.941361
-0.463559
-0.783514
-0.820668
-1.06474
-1.43331
-1.02545
-0.547192
-1.10297
-0.94966
-0.842565
0.0829895
-1.25053
-1.33127
-0.506452
-1.03509
-0.909862
-1.09079
-0.502144
-1.09657
-0.126142
-0.486658
0.0187272
-0.43219
-0.632025
0.0422464
-0.829443
0.802516
0.734899
-0.747074
0.220969
0.965262
0.437128
-0.336646
0.136359
0.321222
0.714199
0.610943
0.119918
0.353486
0.563459
0.283744
0.225087
0.851706
0.649478
1.00074
0.182815
1.67492
0.705606
0.873053
0.833161
1.25305
1.88713
1.32942
0.651589
0.723033
1.21411
1.40019
1.0441
0.579582
1.1767
1.33316
1.2038
1.2394
2.15325
0.853527
1.02645
1.54661
0.519948
1.74503
2.41426
1.89857
1.607
0.992034
0.982915
0.973495
0.547788
1.30646
1.30735
0.543769
0.627975
0.783201
1.93131
1.22849
0.934139
0.674424
1.34005
2.0522
1.35895
1.26993
1.65236
